Using variation 10
Reading 1000 pairs.......... done!
Run list:
(1003,   0), (  1,   0), (1001,   0), (  3,   0), (999,   0), (  5,   0), (997,   0), (  7,   0), (995,   0), (  9,   0), 
(993,   0), ( 11,   0), (991,   0), ( 13,   0), (989,   0), ( 15,   0), (987,   0), ( 17,   0), (985,   0), ( 19,   0), 
(983,   0), ( 21,   0), (981,   0), ( 23,   0), (979,   0), ( 25,   0), (977,   0), ( 27,   0), (975,   0), ( 29,   0), 
(973,   0), ( 31,   0), (971,   0), ( 33,   0), (969,   0), ( 35,   0), (967,   0), ( 37,   0), (965,   0), ( 39,   0), 
(963,   0), ( 41,   0), (961,   0), ( 43,   0), (959,   0), ( 45,   0), (957,   0), ( 47,   0), (955,   0), ( 49,   0), 
(953,   0), ( 51,   0), (951,   0), ( 53,   0), (949,   0), ( 55,   0), (947,   0), ( 57,   0), (945,   0), ( 59,   0), 
(943,   0), ( 61,   0), (941,   0), ( 63,   0), (939,   0), ( 65,   0), (937,   0), ( 67,   0), (935,   0), ( 69,   0), 
(933,   0), ( 71,   0), (931,   0), ( 73,   0), (929,   0), ( 75,   0), (927,   0), ( 77,   0), (925,   0), ( 79,   0), 
(923,   0), ( 81,   0), (921,   0), ( 83,   0), (919,   0), ( 85,   0), (917,   0), ( 87,   0), (915,   0), ( 89,   0), 
(913,   0), ( 91,   0), (911,   0), ( 93,   0), (909,   0), ( 95,   0), (907,   0), ( 97,   0), (905,   0), ( 99,   0), 
(903,   0), (101,   0), (901,   0), (103,   0), (899,   0), (105,   0), (897,   0), (107,   0), (895,   0), (109,   0), 
(893,   0), (111,   0), (891,   0), (113,   0), (889,   0), (115,   0), (887,   0), (117,   0), (885,   0), (119,   0), 
(883,   0), (121,   0), (881,   0), (123,   0), (879,   0), (125,   0), (877,   0), (127,   0), (875,   0), (129,   0), 
(873,   0), (131,   0), (871,   0), (133,   0), (869,   0), (135,   0), (867,   0), (137,   0), (865,   0), (139,   0), 
(863,   0), (141,   0), (861,   0), (143,   0), (859,   0), (145,   0), (857,   0), (147,   0), (855,   0), (149,   0), 
(853,   0), (151,   0), (851,   0), (153,   0), (849,   0), (155,   0), (847,   0), (157,   0), (845,   0), (159,   0), 
(843,   0), (161,   0), (841,   0), (163,   0), (839,   0), (165,   0), (837,   0), (167,   0), (835,   0), (169,   0), 
(833,   0), (171,   0), (831,   0), (173,   0), (829,   0), (175,   0), (827,   0), (177,   0), (825,   0), (179,   0), 
(823,   0), (181,   0), (821,   0), (183,   0), (819,   0), (185,   0), (817,   0), (187,   0), (815,   0), (189,   0), 
(813,   0), (191,   0), (811,   0), (193,   0), (809,   0), (195,   0), (807,   0), (197,   0), (805,   0), (199,   0), 
(803,   0), (201,   0), (801,   0), (203,   0), (799,   0), (205,   0), (797,   0), (207,   0), (795,   0), (209,   0), 
(793,   0), (211,   0), (791,   0), (213,   0), (789,   0), (215,   0), (787,   0), (217,   0), (785,   0), (219,   0), 
(783,   0), (221,   0), (781,   0), (223,   0), (779,   0), (225,   0), (777,   0), (227,   0), (775,   0), (229,   0), 
(773,   0), (231,   0), (771,   0), (233,   0), (769,   0), (235,   0), (767,   0), (237,   0), (765,   0), (239,   0), 
(763,   0), (241,   0), (761,   0), (243,   0), (759,   0), (245,   0), (757,   0), (247,   0), (755,   0), (249,   0), 
(753,   0), (251,   0), (751,   0), (253,   0), (749,   0), (255,   0), (747,   0), (257,   0), (745,   0), (259,   0), 
(743,   0), (261,   0), (741,   0), (263,   0), (739,   0), (265,   0), (737,   0), (267,   0), (735,   0), (269,   0), 
(733,   0), (271,   0), (731,   0), (273,   0), (729,   0), (275,   0), (727,   0), (277,   0), (725,   0), (279,   0), 
(723,   0), (281,   0), (721,   0), (283,   0), (719,   0), (285,   0), (717,   0), (287,   0), (715,   0), (289,   0), 
(713,   0), (291,   0), (711,   0), (293,   0), (709,   0), (295,   0), (707,   0), (297,   0), (705,   0), (299,   0), 
(703,   0), (301,   0), (701,   0), (303,   0), (699,   0), (305,   0), (697,   0), (307,   0), (695,   0), (309,   0), 
(693,   0), (311,   0), (691,   0), (313,   0), (689,   0), (315,   0), (687,   0), (317,   0), (685,   0), (319,   0), 
(683,   0), (321,   0), (681,   0), (323,   0), (679,   0), (325,   0), (677,   0), (327,   0), (675,   0), (329,   0), 
(673,   0), (331,   0), (671,   0), (333,   0), (669,   0), (335,   0), (667,   0), (337,   0), (665,   0), (339,   0), 
(663,   0), (341,   0), (661,   0), (343,   0), (659,   0), (345,   0), (657,   0), (347,   0), (655,   0), (349,   0), 
(653,   0), (351,   0), (651,   0), (353,   0), (649,   0), (355,   0), (647,   0), (357,   0), (645,   0), (359,   0), 
(643,   0), (361,   0), (641,   0), (363,   0), (639,   0), (365,   0), (637,   0), (367,   0), (635,   0), (369,   0), 
(633,   0), (371,   0), (631,   0), (373,   0), (629,   0), (375,   0), (627,   0), (377,   0), (625,   0), (379,   0), 
(623,   0), (381,   0), (621,   0), (383,   0), (619,   0), (385,   0), (617,   0), (387,   0), (615,   0), (389,   0), 
(613,   0), (391,   0), (611,   0), (393,   0), (609,   0), (395,   0), (607,   0), (397,   0), (605,   0), (399,   0), 
(603,   0), (401,   0), (601,   0), (403,   0), (599,   0), (405,   0), (597,   0), (407,   0), (595,   0), (409,   0), 
(593,   0), (411,   0), (591,   0), (413,   0), (589,   0), (415,   0), (587,   0), (417,   0), (585,   0), (419,   0), 
(583,   0), (421,   0), (581,   0), (423,   0), (579,   0), (425,   0), (577,   0), (427,   0), (575,   0), (429,   0), 
(573,   0), (431,   0), (571,   0), (433,   0), (569,   0), (435,   0), (567,   0), (437,   0), (565,   0), (439,   0), 
(563,   0), (441,   0), (561,   0), (443,   0), (559,   0), (445,   0), (557,   0), (447,   0), (555,   0), (449,   0), 
(553,   0), (451,   0), (551,   0), (453,   0), (549,   0), (455,   0), (547,   0), (457,   0), (545,   0), (459,   0), 
(543,   0), (461,   0), (541,   0), (463,   0), (539,   0), (465,   0), (537,   0), (467,   0), (535,   0), (469,   0), 
(533,   0), (471,   0), (531,   0), (473,   0), (529,   0), (475,   0), (527,   0), (477,   0), (525,   0), (479,   0), 
(523,   0), (481,   0), (521,   0), (483,   0), (519,   0), (485,   0), (517,   0), (487,   0), (515,   0), (489,   0), 
(513,   0), (491,   0), (511,   0), (493,   0), (509,   0), (495,   0), (507,   0), (497,   0), (505,   0), (499,   0), 
(503,   0), (501,   0), (501,   0), (503,   0), (499,   0), (505,   0), (497,   0), (507,   0), (495,   0), (509,   0), 
(493,   0), (511,   0), (491,   0), (513,   0), (489,   0), (515,   0), (487,   0), (517,   0), (485,   0), (519,   0), 
(483,   0), (521,   0), (481,   0), (523,   0), (479,   0), (525,   0), (477,   0), (527,   0), (475,   0), (529,   0), 
(473,   0), (531,   0), (471,   0), (533,   0), (469,   0), (535,   0), (467,   0), (537,   0), (465,   0), (539,   0), 
(463,   0), (541,   0), (461,   0), (543,   0), (459,   0), (545,   0), (457,   0), (547,   0), (455,   0), (549,   0), 
(453,   0), (551,   0), (451,   0), (553,   0), (449,   0), (555,   0), (447,   0), (557,   0), (445,   0), (559,   0), 
(443,   0), (561,   0), (441,   0), (563,   0), (439,   0), (565,   0), (437,   0), (567,   0), (435,   0), (569,   0), 
(433,   0), (571,   0), (431,   0), (573,   0), (429,   0), (575,   0), (427,   0), (577,   0), (425,   0), (579,   0), 
(423,   0), (581,   0), (421,   0), (583,   0), (419,   0), (585,   0), (417,   0), (587,   0), (415,   0), (589,   0), 
(413,   0), (591,   0), (411,   0), (593,   0), (409,   0), (595,   0), (407,   0), (597,   0), (405,   0), (599,   0), 
(403,   0), (601,   0), (401,   0), (603,   0), (399,   0), (605,   0), (397,   0), (607,   0), (395,   0), (609,   0), 
(393,   0), (611,   0), (391,   0), (613,   0), (389,   0), (615,   0), (387,   0), (617,   0), (385,   0), (619,   0), 
(383,   0), (621,   0), (381,   0), (623,   0), (379,   0), (625,   0), (377,   0), (627,   0), (375,   0), (629,   0), 
(373,   0), (631,   0), (371,   0), (633,   0), (369,   0), (635,   0), (367,   0), (637,   0), (365,   0), (639,   0), 
(363,   0), (641,   0), (361,   0), (643,   0), (359,   0), (645,   0), (357,   0), (647,   0), (355,   0), (649,   0), 
(353,   0), (651,   0), (351,   0), (653,   0), (349,   0), (655,   0), (347,   0), (657,   0), (345,   0), (659,   0), 
(343,   0), (661,   0), (341,   0), (663,   0), (339,   0), (665,   0), (337,   0), (667,   0), (335,   0), (669,   0), 
(333,   0), (671,   0), (331,   0), (673,   0), (329,   0), (675,   0), (327,   0), (677,   0), (325,   0), (679,   0), 
(323,   0), (681,   0), (321,   0), (683,   0), (319,   0), (685,   0), (317,   0), (687,   0), (315,   0), (689,   0), 
(313,   0), (691,   0), (311,   0), (693,   0), (309,   0), (695,   0), (307,   0), (697,   0), (305,   0), (699,   0), 
(303,   0), (701,   0), (301,   0), (703,   0), (299,   0), (705,   0), (297,   0), (707,   0), (295,   0), (709,   0), 
(293,   0), (711,   0), (291,   0), (713,   0), (289,   0), (715,   0), (287,   0), (717,   0), (285,   0), (719,   0), 
(283,   0), (721,   0), (281,   0), (723,   0), (279,   0), (725,   0), (277,   0), (727,   0), (275,   0), (729,   0), 
(273,   0), (731,   0), (271,   0), (733,   0), (269,   0), (735,   0), (267,   0), (737,   0), (265,   0), (739,   0), 
(263,   0), (741,   0), (261,   0), (743,   0), (259,   0), (745,   0), (257,   0), (747,   0), (255,   0), (749,   0), 
(253,   0), (751,   0), (251,   0), (753,   0), (249,   0), (755,   0), (247,   0), (757,   0), (245,   0), (759,   0), 
(243,   0), (761,   0), (241,   0), (763,   0), (239,   0), (765,   0), (237,   0), (767,   0), (235,   0), (769,   0), 
(233,   0), (771,   0), (231,   0), (773,   0), (229,   0), (775,   0), (227,   0), (777,   0), (225,   0), (779,   0), 
(223,   0), (781,   0), (221,   0), (783,   0), (219,   0), (785,   0), (217,   0), (787,   0), (215,   0), (789,   0), 
(213,   0), (791,   0), (211,   0), (793,   0), (209,   0), (795,   0), (207,   0), (797,   0), (205,   0), (799,   0), 
(203,   0), (801,   0), (201,   0), (803,   0), (199,   0), (805,   0), (197,   0), (807,   0), (195,   0), (809,   0), 
(193,   0), (811,   0), (191,   0), (813,   0), (189,   0), (815,   0), (187,   0), (817,   0), (185,   0), (819,   0), 
(183,   0), (821,   0), (181,   0), (823,   0), (179,   0), (825,   0), (177,   0), (827,   0), (175,   0), (829,   0), 
(173,   0), (831,   0), (171,   0), (833,   0), (169,   0), (835,   0), (167,   0), (837,   0), (165,   0), (839,   0), 
(163,   0), (841,   0), (161,   0), (843,   0), (159,   0), (845,   0), (157,   0), (847,   0), (155,   0), (849,   0), 
(153,   0), (851,   0), (151,   0), (853,   0), (149,   0), (855,   0), (147,   0), (857,   0), (145,   0), (859,   0), 
(143,   0), (861,   0), (141,   0), (863,   0), (139,   0), (865,   0), (137,   0), (867,   0), (135,   0), (869,   0), 
(133,   0), (871,   0), (131,   0), (873,   0), (129,   0), (875,   0), (127,   0), (877,   0), (125,   0), (879,   0), 
(123,   0), (881,   0), (121,   0), (883,   0), (119,   0), (885,   0), (117,   0), (887,   0), (115,   0), (889,   0), 
(113,   0), (891,   0), (111,   0), (893,   0), (109,   0), (895,   0), (107,   0), (897,   0), (105,   0), (899,   0), 
(103,   0), (901,   0), (101,   0), (903,   0), ( 99,   0), (905,   0), ( 97,   0), (907,   0), ( 95,   0), (909,   0), 
( 93,   0), (911,   0), ( 91,   0), (913,   0), ( 89,   0), (915,   0), ( 87,   0), (917,   0), ( 85,   0), (919,   0), 
( 83,   0), (921,   0), ( 81,   0), (923,   0), ( 79,   0), (925,   0), ( 77,   0), (927,   0), ( 75,   0), (929,   0), 
( 73,   0), (931,   0), ( 71,   0), (933,   0), ( 69,   0), (935,   0), ( 67,   0), (937,   0), ( 65,   0), (939,   0), 
( 63,   0), (941,   0), ( 61,   0), (943,   0), ( 59,   0), (945,   0), ( 57,   0), (947,   0), ( 55,   0), (949,   0), 
( 53,   0), (951,   0), ( 51,   0), (953,   0), ( 49,   0), (955,   0), ( 47,   0), (957,   0), ( 45,   0), (959,   0), 
( 43,   0), (961,   0), ( 41,   0), (963,   0), ( 39,   0), (965,   0), ( 37,   0), (967,   0), ( 35,   0), (969,   0), 
( 33,   0), (971,   0), ( 31,   0), (973,   0), ( 29,   0), (975,   0), ( 27,   0), (977,   0), ( 25,   0), (979,   0), 
( 23,   0), (981,   0), ( 21,   0), (983,   0), ( 19,   0), (985,   0), ( 17,   0), (987,   0), ( 15,   0), (989,   0), 
( 13,   0), (991,   0), ( 11,   0), (993,   0), (  9,   0), (995,   0), (  7,   0), (997,   0), (  5,   0), (999,   0)

Running: Insertion-Sort
Finished in 2601us

Running: Selection-Sort
Finished in 2677us

Running: Merge-Sort
Finished in 234us

Running: Quick-Sort
Finished in 2852us

Running: Heap-Sort
Finished in 321us

Running: Bubble-Sort
Finished in 8553us

Median time for: Insertion-Sort is 0us
Median time for: Selection-Sort is 0us
Median time for: Merge-Sort is 0us
Median time for: Quick-Sort is 0us
Median time for: Heap-Sort is 0us
Median time for: Bubble-Sort is 0us
Running: Insertion-Sort
Finished in 2437us

Running: Selection-Sort
Finished in 2598us

Running: Merge-Sort
Finished in 211us

Running: Quick-Sort
Finished in 2850us

Running: Heap-Sort
Finished in 327us

Running: Bubble-Sort
Finished in 8365us

Median time for: Insertion-Sort is 0us
Median time for: Selection-Sort is 0us
Median time for: Merge-Sort is 0us
Median time for: Quick-Sort is 0us
Median time for: Heap-Sort is 0us
Median time for: Bubble-Sort is 0us
Running: Insertion-Sort
Finished in 2406us

Running: Selection-Sort
Finished in 2574us

Running: Merge-Sort
Finished in 211us

Running: Quick-Sort
Finished in 2821us

Running: Heap-Sort
Finished in 317us

Running: Bubble-Sort
Finished in 8206us

Median time for: Insertion-Sort is 2406us
Median time for: Selection-Sort is 2574us
Median time for: Merge-Sort is 211us
Median time for: Quick-Sort is 2821us
Median time for: Heap-Sort is 317us
Median time for: Bubble-Sort is 8206us
Running: Insertion-Sort
Finished in 2407us

Running: Selection-Sort
Finished in 2593us

Running: Merge-Sort
Finished in 212us

Running: Quick-Sort
Finished in 2866us

Running: Heap-Sort
Finished in 318us

Running: Bubble-Sort
Finished in 8271us

Median time for: Insertion-Sort is 2407us
Median time for: Selection-Sort is 2593us
Median time for: Merge-Sort is 211us
Median time for: Quick-Sort is 2850us
Median time for: Heap-Sort is 318us
Median time for: Bubble-Sort is 8271us
Running: Insertion-Sort
Finished in 2500us

Running: Selection-Sort
Finished in 2564us

Running: Merge-Sort
Finished in 215us

Running: Quick-Sort
Finished in 2836us

Running: Heap-Sort
Finished in 318us

Running: Bubble-Sort
Finished in 8114us

Median time for: Insertion-Sort is 2437us
Median time for: Selection-Sort is 2593us
Median time for: Merge-Sort is 212us
Median time for: Quick-Sort is 2850us
Median time for: Heap-Sort is 318us
Median time for: Bubble-Sort is 8271us
Using variation 10
Reading 1000 pairs.......... done!
Run list:
(1003,   0), (  1,   0), (1001,   0), (  3,   0), (999,   0), (  5,   0), (997,   0), (  7,   0), (995,   0), (  9,   0), 
(993,   0), ( 11,   0), (991,   0), ( 13,   0), (989,   0), ( 15,   0), (987,   0), ( 17,   0), (985,   0), ( 19,   0), 
(983,   0), ( 21,   0), (981,   0), ( 23,   0), (979,   0), ( 25,   0), (977,   0), ( 27,   0), (975,   0), ( 29,   0), 
(973,   0), ( 31,   0), (971,   0), ( 33,   0), (969,   0), ( 35,   0), (967,   0), ( 37,   0), (965,   0), ( 39,   0), 
(963,   0), ( 41,   0), (961,   0), ( 43,   0), (959,   0), ( 45,   0), (957,   0), ( 47,   0), (955,   0), ( 49,   0), 
(953,   0), ( 51,   0), (951,   0), ( 53,   0), (949,   0), ( 55,   0), (947,   0), ( 57,   0), (945,   0), ( 59,   0), 
(943,   0), ( 61,   0), (941,   0), ( 63,   0), (939,   0), ( 65,   0), (937,   0), ( 67,   0), (935,   0), ( 69,   0), 
(933,   0), ( 71,   0), (931,   0), ( 73,   0), (929,   0), ( 75,   0), (927,   0), ( 77,   0), (925,   0), ( 79,   0), 
(923,   0), ( 81,   0), (921,   0), ( 83,   0), (919,   0), ( 85,   0), (917,   0), ( 87,   0), (915,   0), ( 89,   0), 
(913,   0), ( 91,   0), (911,   0), ( 93,   0), (909,   0), ( 95,   0), (907,   0), ( 97,   0), (905,   0), ( 99,   0), 
(903,   0), (101,   0), (901,   0), (103,   0), (899,   0), (105,   0), (897,   0), (107,   0), (895,   0), (109,   0), 
(893,   0), (111,   0), (891,   0), (113,   0), (889,   0), (115,   0), (887,   0), (117,   0), (885,   0), (119,   0), 
(883,   0), (121,   0), (881,   0), (123,   0), (879,   0), (125,   0), (877,   0), (127,   0), (875,   0), (129,   0), 
(873,   0), (131,   0), (871,   0), (133,   0), (869,   0), (135,   0), (867,   0), (137,   0), (865,   0), (139,   0), 
(863,   0), (141,   0), (861,   0), (143,   0), (859,   0), (145,   0), (857,   0), (147,   0), (855,   0), (149,   0), 
(853,   0), (151,   0), (851,   0), (153,   0), (849,   0), (155,   0), (847,   0), (157,   0), (845,   0), (159,   0), 
(843,   0), (161,   0), (841,   0), (163,   0), (839,   0), (165,   0), (837,   0), (167,   0), (835,   0), (169,   0), 
(833,   0), (171,   0), (831,   0), (173,   0), (829,   0), (175,   0), (827,   0), (177,   0), (825,   0), (179,   0), 
(823,   0), (181,   0), (821,   0), (183,   0), (819,   0), (185,   0), (817,   0), (187,   0), (815,   0), (189,   0), 
(813,   0), (191,   0), (811,   0), (193,   0), (809,   0), (195,   0), (807,   0), (197,   0), (805,   0), (199,   0), 
(803,   0), (201,   0), (801,   0), (203,   0), (799,   0), (205,   0), (797,   0), (207,   0), (795,   0), (209,   0), 
(793,   0), (211,   0), (791,   0), (213,   0), (789,   0), (215,   0), (787,   0), (217,   0), (785,   0), (219,   0), 
(783,   0), (221,   0), (781,   0), (223,   0), (779,   0), (225,   0), (777,   0), (227,   0), (775,   0), (229,   0), 
(773,   0), (231,   0), (771,   0), (233,   0), (769,   0), (235,   0), (767,   0), (237,   0), (765,   0), (239,   0), 
(763,   0), (241,   0), (761,   0), (243,   0), (759,   0), (245,   0), (757,   0), (247,   0), (755,   0), (249,   0), 
(753,   0), (251,   0), (751,   0), (253,   0), (749,   0), (255,   0), (747,   0), (257,   0), (745,   0), (259,   0), 
(743,   0), (261,   0), (741,   0), (263,   0), (739,   0), (265,   0), (737,   0), (267,   0), (735,   0), (269,   0), 
(733,   0), (271,   0), (731,   0), (273,   0), (729,   0), (275,   0), (727,   0), (277,   0), (725,   0), (279,   0), 
(723,   0), (281,   0), (721,   0), (283,   0), (719,   0), (285,   0), (717,   0), (287,   0), (715,   0), (289,   0), 
(713,   0), (291,   0), (711,   0), (293,   0), (709,   0), (295,   0), (707,   0), (297,   0), (705,   0), (299,   0), 
(703,   0), (301,   0), (701,   0), (303,   0), (699,   0), (305,   0), (697,   0), (307,   0), (695,   0), (309,   0), 
(693,   0), (311,   0), (691,   0), (313,   0), (689,   0), (315,   0), (687,   0), (317,   0), (685,   0), (319,   0), 
(683,   0), (321,   0), (681,   0), (323,   0), (679,   0), (325,   0), (677,   0), (327,   0), (675,   0), (329,   0), 
(673,   0), (331,   0), (671,   0), (333,   0), (669,   0), (335,   0), (667,   0), (337,   0), (665,   0), (339,   0), 
(663,   0), (341,   0), (661,   0), (343,   0), (659,   0), (345,   0), (657,   0), (347,   0), (655,   0), (349,   0), 
(653,   0), (351,   0), (651,   0), (353,   0), (649,   0), (355,   0), (647,   0), (357,   0), (645,   0), (359,   0), 
(643,   0), (361,   0), (641,   0), (363,   0), (639,   0), (365,   0), (637,   0), (367,   0), (635,   0), (369,   0), 
(633,   0), (371,   0), (631,   0), (373,   0), (629,   0), (375,   0), (627,   0), (377,   0), (625,   0), (379,   0), 
(623,   0), (381,   0), (621,   0), (383,   0), (619,   0), (385,   0), (617,   0), (387,   0), (615,   0), (389,   0), 
(613,   0), (391,   0), (611,   0), (393,   0), (609,   0), (395,   0), (607,   0), (397,   0), (605,   0), (399,   0), 
(603,   0), (401,   0), (601,   0), (403,   0), (599,   0), (405,   0), (597,   0), (407,   0), (595,   0), (409,   0), 
(593,   0), (411,   0), (591,   0), (413,   0), (589,   0), (415,   0), (587,   0), (417,   0), (585,   0), (419,   0), 
(583,   0), (421,   0), (581,   0), (423,   0), (579,   0), (425,   0), (577,   0), (427,   0), (575,   0), (429,   0), 
(573,   0), (431,   0), (571,   0), (433,   0), (569,   0), (435,   0), (567,   0), (437,   0), (565,   0), (439,   0), 
(563,   0), (441,   0), (561,   0), (443,   0), (559,   0), (445,   0), (557,   0), (447,   0), (555,   0), (449,   0), 
(553,   0), (451,   0), (551,   0), (453,   0), (549,   0), (455,   0), (547,   0), (457,   0), (545,   0), (459,   0), 
(543,   0), (461,   0), (541,   0), (463,   0), (539,   0), (465,   0), (537,   0), (467,   0), (535,   0), (469,   0), 
(533,   0), (471,   0), (531,   0), (473,   0), (529,   0), (475,   0), (527,   0), (477,   0), (525,   0), (479,   0), 
(523,   0), (481,   0), (521,   0), (483,   0), (519,   0), (485,   0), (517,   0), (487,   0), (515,   0), (489,   0), 
(513,   0), (491,   0), (511,   0), (493,   0), (509,   0), (495,   0), (507,   0), (497,   0), (505,   0), (499,   0), 
(503,   0), (501,   0), (501,   0), (503,   0), (499,   0), (505,   0), (497,   0), (507,   0), (495,   0), (509,   0), 
(493,   0), (511,   0), (491,   0), (513,   0), (489,   0), (515,   0), (487,   0), (517,   0), (485,   0), (519,   0), 
(483,   0), (521,   0), (481,   0), (523,   0), (479,   0), (525,   0), (477,   0), (527,   0), (475,   0), (529,   0), 
(473,   0), (531,   0), (471,   0), (533,   0), (469,   0), (535,   0), (467,   0), (537,   0), (465,   0), (539,   0), 
(463,   0), (541,   0), (461,   0), (543,   0), (459,   0), (545,   0), (457,   0), (547,   0), (455,   0), (549,   0), 
(453,   0), (551,   0), (451,   0), (553,   0), (449,   0), (555,   0), (447,   0), (557,   0), (445,   0), (559,   0), 
(443,   0), (561,   0), (441,   0), (563,   0), (439,   0), (565,   0), (437,   0), (567,   0), (435,   0), (569,   0), 
(433,   0), (571,   0), (431,   0), (573,   0), (429,   0), (575,   0), (427,   0), (577,   0), (425,   0), (579,   0), 
(423,   0), (581,   0), (421,   0), (583,   0), (419,   0), (585,   0), (417,   0), (587,   0), (415,   0), (589,   0), 
(413,   0), (591,   0), (411,   0), (593,   0), (409,   0), (595,   0), (407,   0), (597,   0), (405,   0), (599,   0), 
(403,   0), (601,   0), (401,   0), (603,   0), (399,   0), (605,   0), (397,   0), (607,   0), (395,   0), (609,   0), 
(393,   0), (611,   0), (391,   0), (613,   0), (389,   0), (615,   0), (387,   0), (617,   0), (385,   0), (619,   0), 
(383,   0), (621,   0), (381,   0), (623,   0), (379,   0), (625,   0), (377,   0), (627,   0), (375,   0), (629,   0), 
(373,   0), (631,   0), (371,   0), (633,   0), (369,   0), (635,   0), (367,   0), (637,   0), (365,   0), (639,   0), 
(363,   0), (641,   0), (361,   0), (643,   0), (359,   0), (645,   0), (357,   0), (647,   0), (355,   0), (649,   0), 
(353,   0), (651,   0), (351,   0), (653,   0), (349,   0), (655,   0), (347,   0), (657,   0), (345,   0), (659,   0), 
(343,   0), (661,   0), (341,   0), (663,   0), (339,   0), (665,   0), (337,   0), (667,   0), (335,   0), (669,   0), 
(333,   0), (671,   0), (331,   0), (673,   0), (329,   0), (675,   0), (327,   0), (677,   0), (325,   0), (679,   0), 
(323,   0), (681,   0), (321,   0), (683,   0), (319,   0), (685,   0), (317,   0), (687,   0), (315,   0), (689,   0), 
(313,   0), (691,   0), (311,   0), (693,   0), (309,   0), (695,   0), (307,   0), (697,   0), (305,   0), (699,   0), 
(303,   0), (701,   0), (301,   0), (703,   0), (299,   0), (705,   0), (297,   0), (707,   0), (295,   0), (709,   0), 
(293,   0), (711,   0), (291,   0), (713,   0), (289,   0), (715,   0), (287,   0), (717,   0), (285,   0), (719,   0), 
(283,   0), (721,   0), (281,   0), (723,   0), (279,   0), (725,   0), (277,   0), (727,   0), (275,   0), (729,   0), 
(273,   0), (731,   0), (271,   0), (733,   0), (269,   0), (735,   0), (267,   0), (737,   0), (265,   0), (739,   0), 
(263,   0), (741,   0), (261,   0), (743,   0), (259,   0), (745,   0), (257,   0), (747,   0), (255,   0), (749,   0), 
(253,   0), (751,   0), (251,   0), (753,   0), (249,   0), (755,   0), (247,   0), (757,   0), (245,   0), (759,   0), 
(243,   0), (761,   0), (241,   0), (763,   0), (239,   0), (765,   0), (237,   0), (767,   0), (235,   0), (769,   0), 
(233,   0), (771,   0), (231,   0), (773,   0), (229,   0), (775,   0), (227,   0), (777,   0), (225,   0), (779,   0), 
(223,   0), (781,   0), (221,   0), (783,   0), (219,   0), (785,   0), (217,   0), (787,   0), (215,   0), (789,   0), 
(213,   0), (791,   0), (211,   0), (793,   0), (209,   0), (795,   0), (207,   0), (797,   0), (205,   0), (799,   0), 
(203,   0), (801,   0), (201,   0), (803,   0), (199,   0), (805,   0), (197,   0), (807,   0), (195,   0), (809,   0), 
(193,   0), (811,   0), (191,   0), (813,   0), (189,   0), (815,   0), (187,   0), (817,   0), (185,   0), (819,   0), 
(183,   0), (821,   0), (181,   0), (823,   0), (179,   0), (825,   0), (177,   0), (827,   0), (175,   0), (829,   0), 
(173,   0), (831,   0), (171,   0), (833,   0), (169,   0), (835,   0), (167,   0), (837,   0), (165,   0), (839,   0), 
(163,   0), (841,   0), (161,   0), (843,   0), (159,   0), (845,   0), (157,   0), (847,   0), (155,   0), (849,   0), 
(153,   0), (851,   0), (151,   0), (853,   0), (149,   0), (855,   0), (147,   0), (857,   0), (145,   0), (859,   0), 
(143,   0), (861,   0), (141,   0), (863,   0), (139,   0), (865,   0), (137,   0), (867,   0), (135,   0), (869,   0), 
(133,   0), (871,   0), (131,   0), (873,   0), (129,   0), (875,   0), (127,   0), (877,   0), (125,   0), (879,   0), 
(123,   0), (881,   0), (121,   0), (883,   0), (119,   0), (885,   0), (117,   0), (887,   0), (115,   0), (889,   0), 
(113,   0), (891,   0), (111,   0), (893,   0), (109,   0), (895,   0), (107,   0), (897,   0), (105,   0), (899,   0), 
(103,   0), (901,   0), (101,   0), (903,   0), ( 99,   0), (905,   0), ( 97,   0), (907,   0), ( 95,   0), (909,   0), 
( 93,   0), (911,   0), ( 91,   0), (913,   0), ( 89,   0), (915,   0), ( 87,   0), (917,   0), ( 85,   0), (919,   0), 
( 83,   0), (921,   0), ( 81,   0), (923,   0), ( 79,   0), (925,   0), ( 77,   0), (927,   0), ( 75,   0), (929,   0), 
( 73,   0), (931,   0), ( 71,   0), (933,   0), ( 69,   0), (935,   0), ( 67,   0), (937,   0), ( 65,   0), (939,   0), 
( 63,   0), (941,   0), ( 61,   0), (943,   0), ( 59,   0), (945,   0), ( 57,   0), (947,   0), ( 55,   0), (949,   0), 
( 53,   0), (951,   0), ( 51,   0), (953,   0), ( 49,   0), (955,   0), ( 47,   0), (957,   0), ( 45,   0), (959,   0), 
( 43,   0), (961,   0), ( 41,   0), (963,   0), ( 39,   0), (965,   0), ( 37,   0), (967,   0), ( 35,   0), (969,   0), 
( 33,   0), (971,   0), ( 31,   0), (973,   0), ( 29,   0), (975,   0), ( 27,   0), (977,   0), ( 25,   0), (979,   0), 
( 23,   0), (981,   0), ( 21,   0), (983,   0), ( 19,   0), (985,   0), ( 17,   0), (987,   0), ( 15,   0), (989,   0), 
( 13,   0), (991,   0), ( 11,   0), (993,   0), (  9,   0), (995,   0), (  7,   0), (997,   0), (  5,   0), (999,   0)

Running: Insertion-Sort
Finished in 4149us

Running: Selection-Sort
Finished in 4287us

Running: Merge-Sort
Finished in 241us

Running: Quick-Sort
Finished in 2899us

Running: Heap-Sort
Finished in 328us

Running: Bubble-Sort
Finished in 8353us

Median time for: Insertion-Sort is 0us
Median time for: Selection-Sort is 0us
Median time for: Merge-Sort is 0us
Median time for: Quick-Sort is 0us
Median time for: Heap-Sort is 0us
Median time for: Bubble-Sort is 0us
Running: Insertion-Sort
Finished in 2450us

Running: Selection-Sort
Finished in 2754us

Running: Merge-Sort
Finished in 221us

Running: Quick-Sort
Finished in 2951us

Running: Heap-Sort
Finished in 332us

Running: Bubble-Sort
Finished in 8383us

Median time for: Insertion-Sort is 0us
Median time for: Selection-Sort is 0us
Median time for: Merge-Sort is 0us
Median time for: Quick-Sort is 0us
Median time for: Heap-Sort is 0us
Median time for: Bubble-Sort is 0us
Running: Insertion-Sort
Finished in 2410us

Running: Selection-Sort
Finished in 2590us

Running: Merge-Sort
Finished in 207us

Running: Quick-Sort
Finished in 2813us

Running: Heap-Sort
Finished in 317us

Running: Bubble-Sort
Finished in 8190us

Median time for: Insertion-Sort is 2410us
Median time for: Selection-Sort is 2590us
Median time for: Merge-Sort is 207us
Median time for: Quick-Sort is 2813us
Median time for: Heap-Sort is 317us
Median time for: Bubble-Sort is 8190us
Running: Insertion-Sort
Finished in 2416us

Running: Selection-Sort
Finished in 2546us

Running: Merge-Sort
Finished in 207us

Running: Quick-Sort
Finished in 2794us

Running: Heap-Sort
Finished in 319us

Running: Bubble-Sort
Finished in 8157us

Median time for: Insertion-Sort is 2416us
Median time for: Selection-Sort is 2590us
Median time for: Merge-Sort is 207us
Median time for: Quick-Sort is 2813us
Median time for: Heap-Sort is 319us
Median time for: Bubble-Sort is 8190us
Running: Insertion-Sort
Finished in 2408us

Running: Selection-Sort
Finished in 2545us

Running: Merge-Sort
Finished in 208us

Running: Quick-Sort
Finished in 2792us

Running: Heap-Sort
Finished in 317us

Running: Bubble-Sort
Finished in 8113us

Median time for: Insertion-Sort is 2416us
Median time for: Selection-Sort is 2590us
Median time for: Merge-Sort is 208us
Median time for: Quick-Sort is 2813us
Median time for: Heap-Sort is 319us
Median time for: Bubble-Sort is 8190us
Using variation 16
Reading 1000 pairs.......... done!
Running: Insertion-Sort
Finished in 3081us
additions,subtractions,multiplications,divisions,modulos,increments,decrements,assignments,ands,ors,comparissons,ternaries,boolean_checks,ifs,loops,calls,returns,passed_words,declarations_integer,array_references,declarations_boolean,declarations_points,declarations_array,declarations_array_length
250501,999,0,0,0,999,249502,252499,250501,0,502002,0,0,0,251501,1,0,2,2,751503,0,1,0,0

Running: Selection-Sort
Finished in 2730us
additions,subtractions,multiplications,divisions,modulos,increments,decrements,assignments,ands,ors,comparissons,ternaries,boolean_checks,ifs,loops,calls,returns,passed_words,declarations_integer,array_references,declarations_boolean,declarations_points,declarations_array,declarations_array_length
999,1,0,0,0,500499,0,6989,0,0,1000999,0,0,499500,501499,1,0,2,3,1002996,0,999,0,0

Running: Merge-Sort
Finished in 234us
additions,subtractions,multiplications,divisions,modulos,increments,decrements,assignments,ands,ors,comparissons,ternaries,boolean_checks,ifs,loops,calls,returns,passed_words,declarations_integer,array_references,declarations_boolean,declarations_points,declarations_array,declarations_array_length
3996,10975,0,999,0,39904,0,24947,8471,0,41890,7472,0,1999,23948,2998,0,9993,3996,44872,0,0,999,9976

Running: Quick-Sort
Finished in 3244us
additions,subtractions,multiplications,divisions,modulos,increments,decrements,assignments,ands,ors,comparissons,ternaries,boolean_checks,ifs,loops,calls,returns,passed_words,declarations_integer,array_references,declarations_boolean,declarations_points,declarations_array,declarations_array_length
1498,749,0,0,0,497521,0,379515,0,0,747276,0,0,374013,373263,2248,749,6744,2247,876287,0,126505,0,0

Running: Heap-Sort
Finished in 337us
additions,subtractions,multiplications,divisions,modulos,increments,decrements,assignments,ands,ors,comparissons,ternaries,boolean_checks,ifs,loops,calls,returns,passed_words,declarations_integer,array_references,declarations_boolean,declarations_points,declarations_array,declarations_array_length
19282,1,19282,1,0,0,1500,60154,19282,0,49707,9641,0,19282,1502,9642,0,28925,28925,75124,0,9140,0,0

Running: Bubble-Sort
Finished in 9553us
additions,subtractions,multiplications,divisions,modulos,increments,decrements,assignments,ands,ors,comparissons,ternaries,boolean_checks,ifs,loops,calls,returns,passed_words,declarations_integer,array_references,declarations_boolean,declarations_points,declarations_array,declarations_array_length
0,1244506,0,0,0,995004,0,1000001,0,0,996000,0,997,995004,996997,1,0,2,1,2988016,1,249502,0,0

Using variation 16
Reading 1000 pairs.......... done!
Running: Insertion-Sort
Finished in 3126us
additions,subtractions,multiplications,divisions,modulos,increments,decrements,assignments,ands,ors,comparissons,ternaries,boolean_checks,ifs,loops,calls,returns,passed_words,declarations_integer,array_references,declarations_boolean,declarations_points,declarations_array,declarations_array_length
250501,999,0,0,0,999,249502,252499,250501,0,502002,0,0,0,251501,1,0,2,2,751503,0,1,0,0

Running: Selection-Sort
Finished in 2924us
additions,subtractions,multiplications,divisions,modulos,increments,decrements,assignments,ands,ors,comparissons,ternaries,boolean_checks,ifs,loops,calls,returns,passed_words,declarations_integer,array_references,declarations_boolean,declarations_points,declarations_array,declarations_array_length
999,1,0,0,0,500499,0,6989,0,0,1000999,0,0,499500,501499,1,0,2,3,1002996,0,999,0,0

Running: Merge-Sort
Finished in 238us
additions,subtractions,multiplications,divisions,modulos,increments,decrements,assignments,ands,ors,comparissons,ternaries,boolean_checks,ifs,loops,calls,returns,passed_words,declarations_integer,array_references,declarations_boolean,declarations_points,declarations_array,declarations_array_length
3996,10975,0,999,0,39904,0,24947,8471,0,41890,7472,0,1999,23948,2998,0,9993,3996,44872,0,0,999,9976

Running: Quick-Sort
Finished in 3249us
additions,subtractions,multiplications,divisions,modulos,increments,decrements,assignments,ands,ors,comparissons,ternaries,boolean_checks,ifs,loops,calls,returns,passed_words,declarations_integer,array_references,declarations_boolean,declarations_points,declarations_array,declarations_array_length
1498,749,0,0,0,497521,0,379515,0,0,747276,0,0,374013,373263,2248,749,6744,2247,876287,0,126505,0,0

Running: Heap-Sort
Finished in 342us
additions,subtractions,multiplications,divisions,modulos,increments,decrements,assignments,ands,ors,comparissons,ternaries,boolean_checks,ifs,loops,calls,returns,passed_words,declarations_integer,array_references,declarations_boolean,declarations_points,declarations_array,declarations_array_length
19282,1,19282,1,0,0,1500,60154,19282,0,49707,9641,0,19282,1502,9642,0,28925,28925,75124,0,9140,0,0

Running: Bubble-Sort
Finished in 10381us
additions,subtractions,multiplications,divisions,modulos,increments,decrements,assignments,ands,ors,comparissons,ternaries,boolean_checks,ifs,loops,calls,returns,passed_words,declarations_integer,array_references,declarations_boolean,declarations_points,declarations_array,declarations_array_length
0,1244506,0,0,0,995004,0,1000001,0,0,996000,0,997,995004,996997,1,0,2,1,2988016,1,249502,0,0

Using variation 42
Reading 1000 pairs.......... done!
Run list:
(1003,   0), (  1,   0), (1001,   0), (  3,   0), (999,   0), (  5,   0), (997,   0), (  7,   0), (995,   0), (  9,   0), 
(993,   0), ( 11,   0), (991,   0), ( 13,   0), (989,   0), ( 15,   0), (987,   0), ( 17,   0), (985,   0), ( 19,   0), 
(983,   0), ( 21,   0), (981,   0), ( 23,   0), (979,   0), ( 25,   0), (977,   0), ( 27,   0), (975,   0), ( 29,   0), 
(973,   0), ( 31,   0), (971,   0), ( 33,   0), (969,   0), ( 35,   0), (967,   0), ( 37,   0), (965,   0), ( 39,   0), 
(963,   0), ( 41,   0), (961,   0), ( 43,   0), (959,   0), ( 45,   0), (957,   0), ( 47,   0), (955,   0), ( 49,   0), 
(953,   0), ( 51,   0), (951,   0), ( 53,   0), (949,   0), ( 55,   0), (947,   0), ( 57,   0), (945,   0), ( 59,   0), 
(943,   0), ( 61,   0), (941,   0), ( 63,   0), (939,   0), ( 65,   0), (937,   0), ( 67,   0), (935,   0), ( 69,   0), 
(933,   0), ( 71,   0), (931,   0), ( 73,   0), (929,   0), ( 75,   0), (927,   0), ( 77,   0), (925,   0), ( 79,   0), 
(923,   0), ( 81,   0), (921,   0), ( 83,   0), (919,   0), ( 85,   0), (917,   0), ( 87,   0), (915,   0), ( 89,   0), 
(913,   0), ( 91,   0), (911,   0), ( 93,   0), (909,   0), ( 95,   0), (907,   0), ( 97,   0), (905,   0), ( 99,   0), 
(903,   0), (101,   0), (901,   0), (103,   0), (899,   0), (105,   0), (897,   0), (107,   0), (895,   0), (109,   0), 
(893,   0), (111,   0), (891,   0), (113,   0), (889,   0), (115,   0), (887,   0), (117,   0), (885,   0), (119,   0), 
(883,   0), (121,   0), (881,   0), (123,   0), (879,   0), (125,   0), (877,   0), (127,   0), (875,   0), (129,   0), 
(873,   0), (131,   0), (871,   0), (133,   0), (869,   0), (135,   0), (867,   0), (137,   0), (865,   0), (139,   0), 
(863,   0), (141,   0), (861,   0), (143,   0), (859,   0), (145,   0), (857,   0), (147,   0), (855,   0), (149,   0), 
(853,   0), (151,   0), (851,   0), (153,   0), (849,   0), (155,   0), (847,   0), (157,   0), (845,   0), (159,   0), 
(843,   0), (161,   0), (841,   0), (163,   0), (839,   0), (165,   0), (837,   0), (167,   0), (835,   0), (169,   0), 
(833,   0), (171,   0), (831,   0), (173,   0), (829,   0), (175,   0), (827,   0), (177,   0), (825,   0), (179,   0), 
(823,   0), (181,   0), (821,   0), (183,   0), (819,   0), (185,   0), (817,   0), (187,   0), (815,   0), (189,   0), 
(813,   0), (191,   0), (811,   0), (193,   0), (809,   0), (195,   0), (807,   0), (197,   0), (805,   0), (199,   0), 
(803,   0), (201,   0), (801,   0), (203,   0), (799,   0), (205,   0), (797,   0), (207,   0), (795,   0), (209,   0), 
(793,   0), (211,   0), (791,   0), (213,   0), (789,   0), (215,   0), (787,   0), (217,   0), (785,   0), (219,   0), 
(783,   0), (221,   0), (781,   0), (223,   0), (779,   0), (225,   0), (777,   0), (227,   0), (775,   0), (229,   0), 
(773,   0), (231,   0), (771,   0), (233,   0), (769,   0), (235,   0), (767,   0), (237,   0), (765,   0), (239,   0), 
(763,   0), (241,   0), (761,   0), (243,   0), (759,   0), (245,   0), (757,   0), (247,   0), (755,   0), (249,   0), 
(753,   0), (251,   0), (751,   0), (253,   0), (749,   0), (255,   0), (747,   0), (257,   0), (745,   0), (259,   0), 
(743,   0), (261,   0), (741,   0), (263,   0), (739,   0), (265,   0), (737,   0), (267,   0), (735,   0), (269,   0), 
(733,   0), (271,   0), (731,   0), (273,   0), (729,   0), (275,   0), (727,   0), (277,   0), (725,   0), (279,   0), 
(723,   0), (281,   0), (721,   0), (283,   0), (719,   0), (285,   0), (717,   0), (287,   0), (715,   0), (289,   0), 
(713,   0), (291,   0), (711,   0), (293,   0), (709,   0), (295,   0), (707,   0), (297,   0), (705,   0), (299,   0), 
(703,   0), (301,   0), (701,   0), (303,   0), (699,   0), (305,   0), (697,   0), (307,   0), (695,   0), (309,   0), 
(693,   0), (311,   0), (691,   0), (313,   0), (689,   0), (315,   0), (687,   0), (317,   0), (685,   0), (319,   0), 
(683,   0), (321,   0), (681,   0), (323,   0), (679,   0), (325,   0), (677,   0), (327,   0), (675,   0), (329,   0), 
(673,   0), (331,   0), (671,   0), (333,   0), (669,   0), (335,   0), (667,   0), (337,   0), (665,   0), (339,   0), 
(663,   0), (341,   0), (661,   0), (343,   0), (659,   0), (345,   0), (657,   0), (347,   0), (655,   0), (349,   0), 
(653,   0), (351,   0), (651,   0), (353,   0), (649,   0), (355,   0), (647,   0), (357,   0), (645,   0), (359,   0), 
(643,   0), (361,   0), (641,   0), (363,   0), (639,   0), (365,   0), (637,   0), (367,   0), (635,   0), (369,   0), 
(633,   0), (371,   0), (631,   0), (373,   0), (629,   0), (375,   0), (627,   0), (377,   0), (625,   0), (379,   0), 
(623,   0), (381,   0), (621,   0), (383,   0), (619,   0), (385,   0), (617,   0), (387,   0), (615,   0), (389,   0), 
(613,   0), (391,   0), (611,   0), (393,   0), (609,   0), (395,   0), (607,   0), (397,   0), (605,   0), (399,   0), 
(603,   0), (401,   0), (601,   0), (403,   0), (599,   0), (405,   0), (597,   0), (407,   0), (595,   0), (409,   0), 
(593,   0), (411,   0), (591,   0), (413,   0), (589,   0), (415,   0), (587,   0), (417,   0), (585,   0), (419,   0), 
(583,   0), (421,   0), (581,   0), (423,   0), (579,   0), (425,   0), (577,   0), (427,   0), (575,   0), (429,   0), 
(573,   0), (431,   0), (571,   0), (433,   0), (569,   0), (435,   0), (567,   0), (437,   0), (565,   0), (439,   0), 
(563,   0), (441,   0), (561,   0), (443,   0), (559,   0), (445,   0), (557,   0), (447,   0), (555,   0), (449,   0), 
(553,   0), (451,   0), (551,   0), (453,   0), (549,   0), (455,   0), (547,   0), (457,   0), (545,   0), (459,   0), 
(543,   0), (461,   0), (541,   0), (463,   0), (539,   0), (465,   0), (537,   0), (467,   0), (535,   0), (469,   0), 
(533,   0), (471,   0), (531,   0), (473,   0), (529,   0), (475,   0), (527,   0), (477,   0), (525,   0), (479,   0), 
(523,   0), (481,   0), (521,   0), (483,   0), (519,   0), (485,   0), (517,   0), (487,   0), (515,   0), (489,   0), 
(513,   0), (491,   0), (511,   0), (493,   0), (509,   0), (495,   0), (507,   0), (497,   0), (505,   0), (499,   0), 
(503,   0), (501,   0), (501,   0), (503,   0), (499,   0), (505,   0), (497,   0), (507,   0), (495,   0), (509,   0), 
(493,   0), (511,   0), (491,   0), (513,   0), (489,   0), (515,   0), (487,   0), (517,   0), (485,   0), (519,   0), 
(483,   0), (521,   0), (481,   0), (523,   0), (479,   0), (525,   0), (477,   0), (527,   0), (475,   0), (529,   0), 
(473,   0), (531,   0), (471,   0), (533,   0), (469,   0), (535,   0), (467,   0), (537,   0), (465,   0), (539,   0), 
(463,   0), (541,   0), (461,   0), (543,   0), (459,   0), (545,   0), (457,   0), (547,   0), (455,   0), (549,   0), 
(453,   0), (551,   0), (451,   0), (553,   0), (449,   0), (555,   0), (447,   0), (557,   0), (445,   0), (559,   0), 
(443,   0), (561,   0), (441,   0), (563,   0), (439,   0), (565,   0), (437,   0), (567,   0), (435,   0), (569,   0), 
(433,   0), (571,   0), (431,   0), (573,   0), (429,   0), (575,   0), (427,   0), (577,   0), (425,   0), (579,   0), 
(423,   0), (581,   0), (421,   0), (583,   0), (419,   0), (585,   0), (417,   0), (587,   0), (415,   0), (589,   0), 
(413,   0), (591,   0), (411,   0), (593,   0), (409,   0), (595,   0), (407,   0), (597,   0), (405,   0), (599,   0), 
(403,   0), (601,   0), (401,   0), (603,   0), (399,   0), (605,   0), (397,   0), (607,   0), (395,   0), (609,   0), 
(393,   0), (611,   0), (391,   0), (613,   0), (389,   0), (615,   0), (387,   0), (617,   0), (385,   0), (619,   0), 
(383,   0), (621,   0), (381,   0), (623,   0), (379,   0), (625,   0), (377,   0), (627,   0), (375,   0), (629,   0), 
(373,   0), (631,   0), (371,   0), (633,   0), (369,   0), (635,   0), (367,   0), (637,   0), (365,   0), (639,   0), 
(363,   0), (641,   0), (361,   0), (643,   0), (359,   0), (645,   0), (357,   0), (647,   0), (355,   0), (649,   0), 
(353,   0), (651,   0), (351,   0), (653,   0), (349,   0), (655,   0), (347,   0), (657,   0), (345,   0), (659,   0), 
(343,   0), (661,   0), (341,   0), (663,   0), (339,   0), (665,   0), (337,   0), (667,   0), (335,   0), (669,   0), 
(333,   0), (671,   0), (331,   0), (673,   0), (329,   0), (675,   0), (327,   0), (677,   0), (325,   0), (679,   0), 
(323,   0), (681,   0), (321,   0), (683,   0), (319,   0), (685,   0), (317,   0), (687,   0), (315,   0), (689,   0), 
(313,   0), (691,   0), (311,   0), (693,   0), (309,   0), (695,   0), (307,   0), (697,   0), (305,   0), (699,   0), 
(303,   0), (701,   0), (301,   0), (703,   0), (299,   0), (705,   0), (297,   0), (707,   0), (295,   0), (709,   0), 
(293,   0), (711,   0), (291,   0), (713,   0), (289,   0), (715,   0), (287,   0), (717,   0), (285,   0), (719,   0), 
(283,   0), (721,   0), (281,   0), (723,   0), (279,   0), (725,   0), (277,   0), (727,   0), (275,   0), (729,   0), 
(273,   0), (731,   0), (271,   0), (733,   0), (269,   0), (735,   0), (267,   0), (737,   0), (265,   0), (739,   0), 
(263,   0), (741,   0), (261,   0), (743,   0), (259,   0), (745,   0), (257,   0), (747,   0), (255,   0), (749,   0), 
(253,   0), (751,   0), (251,   0), (753,   0), (249,   0), (755,   0), (247,   0), (757,   0), (245,   0), (759,   0), 
(243,   0), (761,   0), (241,   0), (763,   0), (239,   0), (765,   0), (237,   0), (767,   0), (235,   0), (769,   0), 
(233,   0), (771,   0), (231,   0), (773,   0), (229,   0), (775,   0), (227,   0), (777,   0), (225,   0), (779,   0), 
(223,   0), (781,   0), (221,   0), (783,   0), (219,   0), (785,   0), (217,   0), (787,   0), (215,   0), (789,   0), 
(213,   0), (791,   0), (211,   0), (793,   0), (209,   0), (795,   0), (207,   0), (797,   0), (205,   0), (799,   0), 
(203,   0), (801,   0), (201,   0), (803,   0), (199,   0), (805,   0), (197,   0), (807,   0), (195,   0), (809,   0), 
(193,   0), (811,   0), (191,   0), (813,   0), (189,   0), (815,   0), (187,   0), (817,   0), (185,   0), (819,   0), 
(183,   0), (821,   0), (181,   0), (823,   0), (179,   0), (825,   0), (177,   0), (827,   0), (175,   0), (829,   0), 
(173,   0), (831,   0), (171,   0), (833,   0), (169,   0), (835,   0), (167,   0), (837,   0), (165,   0), (839,   0), 
(163,   0), (841,   0), (161,   0), (843,   0), (159,   0), (845,   0), (157,   0), (847,   0), (155,   0), (849,   0), 
(153,   0), (851,   0), (151,   0), (853,   0), (149,   0), (855,   0), (147,   0), (857,   0), (145,   0), (859,   0), 
(143,   0), (861,   0), (141,   0), (863,   0), (139,   0), (865,   0), (137,   0), (867,   0), (135,   0), (869,   0), 
(133,   0), (871,   0), (131,   0), (873,   0), (129,   0), (875,   0), (127,   0), (877,   0), (125,   0), (879,   0), 
(123,   0), (881,   0), (121,   0), (883,   0), (119,   0), (885,   0), (117,   0), (887,   0), (115,   0), (889,   0), 
(113,   0), (891,   0), (111,   0), (893,   0), (109,   0), (895,   0), (107,   0), (897,   0), (105,   0), (899,   0), 
(103,   0), (901,   0), (101,   0), (903,   0), ( 99,   0), (905,   0), ( 97,   0), (907,   0), ( 95,   0), (909,   0), 
( 93,   0), (911,   0), ( 91,   0), (913,   0), ( 89,   0), (915,   0), ( 87,   0), (917,   0), ( 85,   0), (919,   0), 
( 83,   0), (921,   0), ( 81,   0), (923,   0), ( 79,   0), (925,   0), ( 77,   0), (927,   0), ( 75,   0), (929,   0), 
( 73,   0), (931,   0), ( 71,   0), (933,   0), ( 69,   0), (935,   0), ( 67,   0), (937,   0), ( 65,   0), (939,   0), 
( 63,   0), (941,   0), ( 61,   0), (943,   0), ( 59,   0), (945,   0), ( 57,   0), (947,   0), ( 55,   0), (949,   0), 
( 53,   0), (951,   0), ( 51,   0), (953,   0), ( 49,   0), (955,   0), ( 47,   0), (957,   0), ( 45,   0), (959,   0), 
( 43,   0), (961,   0), ( 41,   0), (963,   0), ( 39,   0), (965,   0), ( 37,   0), (967,   0), ( 35,   0), (969,   0), 
( 33,   0), (971,   0), ( 31,   0), (973,   0), ( 29,   0), (975,   0), ( 27,   0), (977,   0), ( 25,   0), (979,   0), 
( 23,   0), (981,   0), ( 21,   0), (983,   0), ( 19,   0), (985,   0), ( 17,   0), (987,   0), ( 15,   0), (989,   0), 
( 13,   0), (991,   0), ( 11,   0), (993,   0), (  9,   0), (995,   0), (  7,   0), (997,   0), (  5,   0), (999,   0)

Running: High Quick-Sort
Finished in 399us

Running: Median Quick-Sort
Finished in 390us

Running: Better Bubble-Sort
Finished in 5330us

Median time for: High Quick-Sort is 0us
Median time for: Median Quick-Sort is 0us
Median time for: Better Bubble-Sort is 0us
Running: High Quick-Sort
Finished in 399us

Running: Median Quick-Sort
Finished in 388us

Running: Better Bubble-Sort
Finished in 5173us

Median time for: High Quick-Sort is 0us
Median time for: Median Quick-Sort is 0us
Median time for: Better Bubble-Sort is 0us
Running: High Quick-Sort
Finished in 377us

Running: Median Quick-Sort
Finished in 377us

Running: Better Bubble-Sort
Finished in 5143us

Median time for: High Quick-Sort is 377us
Median time for: Median Quick-Sort is 377us
Median time for: Better Bubble-Sort is 5143us
Running: High Quick-Sort
Finished in 377us

Running: Median Quick-Sort
Finished in 377us

Running: Better Bubble-Sort
Finished in 5154us

Median time for: High Quick-Sort is 377us
Median time for: Median Quick-Sort is 377us
Median time for: Better Bubble-Sort is 5154us
Running: High Quick-Sort
Finished in 378us

Running: Median Quick-Sort
Finished in 376us

Running: Better Bubble-Sort
Finished in 5241us

Median time for: High Quick-Sort is 378us
Median time for: Median Quick-Sort is 377us
Median time for: Better Bubble-Sort is 5173us
