Using variation 10
Reading 1000 pairs.......... done!
Run list:
(  0,   4), (  0,   0), (  0,  13), (  0,  19), (  0,  11), (  0,   7), (  0,  17), (  0,  13), (  0,  11), (  0,   2), 
(  1,  18), (  1,  12), (  1,  13), (  1,   5), (  1,  11), (  1,  16), (  1,   7), (  1,  16), (  1,   7), (  1,   1), 
(  2,   5), (  2,  12), (  2,   2), (  2,   0), (  2,  17), (  2,  18), (  2,   0), (  2,  19), (  2,   6), (  2,  12), 
(  3,  12), (  3,  13), (  3,  11), (  3,  16), (  3,   3), (  3,   3), (  3,  12), (  3,   4), (  3,  11), (  3,   9), 
(  4,  18), (  4,  16), (  4,   5), (  4,   1), (  4,  17), (  4,  18), (  4,  14), (  4,   0), (  4,   9), (  4,  19), 
(  5,   9), (  5,  14), (  5,  17), (  5,  14), (  5,   6), (  5,   3), (  5,  16), (  5,  13), (  5,  13), (  5,   3), 
(  6,   3), (  6,  15), (  6,   9), (  6,  17), (  6,  15), (  6,   8), (  6,   7), (  6,  11), (  6,  17), (  6,  15), 
(  7,  14), (  7,   9), (  7,   2), (  7,  16), (  7,  13), (  7,   5), (  7,   8), (  7,   5), (  7,  18), (  7,  19), 
(  8,   0), (  8,  14), (  8,  17), (  8,  15), (  8,  14), (  8,   2), (  8,   0), (  8,   6), (  8,   8), (  8,   0), 
(  9,  19), (  9,   4), (  9,   2), (  9,   5), (  9,  11), (  9,   5), (  9,  13), (  9,  19), (  9,  13), (  9,  19), 
( 10,   7), ( 10,   1), ( 10,  11), ( 10,   3), ( 10,  16), ( 10,   6), ( 10,  10), ( 10,  14), ( 10,  13), ( 10,  11), 
( 11,   7), ( 11,   9), ( 11,  17), ( 11,  12), ( 11,   4), ( 11,   8), ( 11,   7), ( 11,  13), ( 11,  10), ( 11,  11), 
( 12,  14), ( 12,  13), ( 12,   4), ( 12,  19), ( 12,   0), ( 12,   1), ( 12,  13), ( 12,   7), ( 12,  12), ( 12,   2), 
( 13,  18), ( 13,   3), ( 13,   2), ( 13,  16), ( 13,   7), ( 13,   5), ( 13,  12), ( 13,  13), ( 13,  14), ( 13,  13), 
( 14,   1), ( 14,   0), ( 14,   2), ( 14,   1), ( 14,   3), ( 14,  13), ( 14,   5), ( 14,   5), ( 14,  13), ( 14,  10), 
( 15,  11), ( 15,   9), ( 15,  18), ( 15,   0), ( 15,  13), ( 15,   1), ( 15,  12), ( 15,   4), ( 15,  14), ( 15,   4), 
( 16,  18), ( 16,   4), ( 16,  17), ( 16,  11), ( 16,   5), ( 16,   7), ( 16,   3), ( 16,  12), ( 16,  13), ( 16,   9), 
( 17,   7), ( 17,  10), ( 17,  16), ( 17,   6), ( 17,  18), ( 17,   9), ( 17,  12), ( 17,  10), ( 17,  19), ( 17,  10), 
( 18,   4), ( 18,   6), ( 18,  11), ( 18,   0), ( 18,   3), ( 18,  12), ( 18,  11), ( 18,   0), ( 18,  19), ( 18,   1), 
( 19,  19), ( 19,  13), ( 19,  16), ( 19,  14), ( 19,   6), ( 19,   7), ( 19,   1), ( 19,  15), ( 19,   2), ( 19,  12), 
( 20,  13), ( 20,  10), ( 20,  12), ( 20,  14), ( 20,  18), ( 20,   8), ( 20,   2), ( 20,   8), ( 20,  17), ( 20,  19), 
( 21,   5), ( 21,   7), ( 21,   3), ( 21,  11), ( 21,  15), ( 21,   3), ( 21,   2), ( 21,   1), ( 21,  17), ( 21,   5), 
( 22,   5), ( 22,  16), ( 22,   5), ( 22,   4), ( 22,   6), ( 22,  15), ( 22,   1), ( 22,   7), ( 22,  10), ( 22,   0), 
( 23,   8), ( 23,  18), ( 23,   1), ( 23,  18), ( 23,  16), ( 23,   7), ( 23,  10), ( 23,  19), ( 23,   0), ( 23,  17), 
( 24,   5), ( 24,  10), ( 24,  12), ( 24,   4), ( 24,   3), ( 24,  13), ( 24,   1), ( 24,   0), ( 24,  15), ( 24,   0), 
( 25,  19), ( 25,  12), ( 25,   9), ( 25,  10), ( 25,   1), ( 25,  18), ( 25,  11), ( 25,  11), ( 25,  14), ( 25,   2), 
( 26,   3), ( 26,  12), ( 26,  13), ( 26,   8), ( 26,  12), ( 26,   2), ( 26,  10), ( 26,  10), ( 26,  17), ( 26,  13), 
( 27,   8), ( 27,   2), ( 27,  10), ( 27,  10), ( 27,   5), ( 27,   8), ( 27,   4), ( 27,   7), ( 27,  11), ( 27,  10), 
( 28,   9), ( 28,  13), ( 28,  13), ( 28,  17), ( 28,   4), ( 28,  14), ( 28,   2), ( 28,  19), ( 28,   9), ( 28,  15), 
( 29,   6), ( 29,  18), ( 29,   5), ( 29,   5), ( 29,  13), ( 29,  19), ( 29,  12), ( 29,   0), ( 29,   7), ( 29,  11), 
( 30,  10), ( 30,   6), ( 30,  16), ( 30,  10), ( 30,  17), ( 30,   0), ( 30,   5), ( 30,   9), ( 30,   1), ( 30,  17), 
( 31,   8), ( 31,   8), ( 31,   9), ( 31,  10), ( 31,  16), ( 31,   4), ( 31,   6), ( 31,   1), ( 31,   8), ( 31,  15), 
( 32,   9), ( 32,   2), ( 32,   4), ( 32,  14), ( 32,  16), ( 32,   7), ( 32,   1), ( 32,   7), ( 32,   2), ( 32,  16), 
( 33,   9), ( 33,   9), ( 33,   6), ( 33,   1), ( 33,  10), ( 33,   4), ( 33,  13), ( 33,  10), ( 33,  19), ( 33,   6), 
( 34,  11), ( 34,   0), ( 34,   0), ( 34,   3), ( 34,   3), ( 34,   5), ( 34,   2), ( 34,  13), ( 34,  19), ( 34,   2), 
( 35,  15), ( 35,  10), ( 35,   6), ( 35,   5), ( 35,   0), ( 35,  13), ( 35,  12), ( 35,  17), ( 35,   8), ( 35,  11), 
( 36,  18), ( 36,  17), ( 36,  14), ( 36,   2), ( 36,   5), ( 36,   6), ( 36,   1), ( 36,   9), ( 36,   8), ( 36,   4), 
( 37,  19), ( 37,   2), ( 37,  18), ( 37,  11), ( 37,  16), ( 37,   0), ( 37,  19), ( 37,  14), ( 37,   5), ( 37,  15), 
( 38,  18), ( 38,  18), ( 38,  11), ( 38,   8), ( 38,   6), ( 38,  11), ( 38,   6), ( 38,   1), ( 38,   4), ( 38,  19), 
( 39,  10), ( 39,   9), ( 39,   7), ( 39,  15), ( 39,   8), ( 39,   9), ( 39,   3), ( 39,   2), ( 39,   1), ( 39,   2), 
( 40,  19), ( 40,   9), ( 40,   5), ( 40,  15), ( 40,   6), ( 40,   3), ( 40,  18), ( 40,  17), ( 40,   0), ( 40,   0), 
( 41,   4), ( 41,   4), ( 41,  16), ( 41,   0), ( 41,   5), ( 41,  12), ( 41,  10), ( 41,  13), ( 41,  18), ( 41,  16), 
( 42,   1), ( 42,  18), ( 42,  19), ( 42,  16), ( 42,  18), ( 42,   7), ( 42,  10), ( 42,  18), ( 42,  11), ( 42,  12), 
( 43,  14), ( 43,   1), ( 43,   2), ( 43,   9), ( 43,   9), ( 43,   7), ( 43,  14), ( 43,  15), ( 43,  12), ( 43,   7), 
( 44,  19), ( 44,   8), ( 44,   3), ( 44,  19), ( 44,  13), ( 44,  12), ( 44,  12), ( 44,   0), ( 44,  13), ( 44,  14), 
( 45,   8), ( 45,   0), ( 45,   2), ( 45,   6), ( 45,  15), ( 45,   4), ( 45,  19), ( 45,   0), ( 45,   1), ( 45,   4), 
( 46,   6), ( 46,   1), ( 46,   0), ( 46,  15), ( 46,   8), ( 46,   5), ( 46,  16), ( 46,  11), ( 46,   3), ( 46,   7), 
( 47,   5), ( 47,   2), ( 47,  19), ( 47,  12), ( 47,   7), ( 47,   3), ( 47,  12), ( 47,   3), ( 47,   0), ( 47,   7), 
( 48,   4), ( 48,   6), ( 48,   9), ( 48,  11), ( 48,   8), ( 48,   9), ( 48,   3), ( 48,  16), ( 48,  13), ( 48,   6), 
( 49,   7), ( 49,   5), ( 49,  16), ( 49,   4), ( 49,  16), ( 49,   0), ( 49,  14), ( 49,   8), ( 49,   9), ( 49,  12), 
( 50,   4), ( 50,   4), ( 50,   1), ( 50,  15), ( 50,   1), ( 50,   7), ( 50,   6), ( 50,   2), ( 50,  18), ( 50,  12), 
( 51,   5), ( 51,   0), ( 51,   3), ( 51,  18), ( 51,   4), ( 51,  10), ( 51,   7), ( 51,   2), ( 51,   9), ( 51,  18), 
( 52,  13), ( 52,   3), ( 52,  10), ( 52,  19), ( 52,  16), ( 52,   2), ( 52,   8), ( 52,   4), ( 52,   0), ( 52,   7), 
( 53,  16), ( 53,  12), ( 53,  11), ( 53,  14), ( 53,  12), ( 53,   8), ( 53,  17), ( 53,  19), ( 53,   2), ( 53,   6), 
( 54,   3), ( 54,  16), ( 54,   7), ( 54,   9), ( 54,   2), ( 54,   6), ( 54,   1), ( 54,  17), ( 54,  19), ( 54,   6), 
( 55,  11), ( 55,   8), ( 55,   7), ( 55,   0), ( 55,  17), ( 55,  16), ( 55,   7), ( 55,  14), ( 55,   6), ( 55,   7), 
( 56,   9), ( 56,   1), ( 56,  13), ( 56,  12), ( 56,   9), ( 56,   8), ( 56,  19), ( 56,  18), ( 56,  11), ( 56,   0), 
( 57,  10), ( 57,   1), ( 57,  14), ( 57,  10), ( 57,   7), ( 57,   8), ( 57,   8), ( 57,   9), ( 57,   4), ( 57,   1), 
( 58,   7), ( 58,   3), ( 58,  16), ( 58,  12), ( 58,  14), ( 58,   7), ( 58,  16), ( 58,   6), ( 58,   9), ( 58,  12), 
( 59,  18), ( 59,  17), ( 59,  15), ( 59,  18), ( 59,   8), ( 59,  12), ( 59,   9), ( 59,  10), ( 59,   1), ( 59,   8), 
( 60,   2), ( 60,  11), ( 60,   6), ( 60,   1), ( 60,   8), ( 60,  11), ( 60,  12), ( 60,   3), ( 60,  18), ( 60,   3), 
( 61,  14), ( 61,   8), ( 61,  12), ( 61,  13), ( 61,  13), ( 61,   0), ( 61,   3), ( 61,   7), ( 61,  11), ( 61,  14), 
( 62,   1), ( 62,   1), ( 62,  10), ( 62,  18), ( 62,  15), ( 62,  19), ( 62,  14), ( 62,   0), ( 62,   9), ( 62,  13), 
( 63,  13), ( 63,  16), ( 63,  11), ( 63,   3), ( 63,  19), ( 63,  11), ( 63,   1), ( 63,   2), ( 63,   9), ( 63,   8), 
( 64,  16), ( 64,  13), ( 64,  13), ( 64,   7), ( 64,  10), ( 64,   3), ( 64,   8), ( 64,  14), ( 64,  18), ( 64,   5), 
( 65,   2), ( 65,   1), ( 65,  12), ( 65,   4), ( 65,  19), ( 65,  14), ( 65,   0), ( 65,  16), ( 65,   9), ( 65,  12), 
( 66,  14), ( 66,  16), ( 66,  18), ( 66,  17), ( 66,  10), ( 66,   0), ( 66,   3), ( 66,  12), ( 66,   0), ( 66,  16), 
( 67,   9), ( 67,   4), ( 67,  17), ( 67,  18), ( 67,  15), ( 67,  14), ( 67,   8), ( 67,  17), ( 67,  11), ( 67,  12), 
( 68,  15), ( 68,   0), ( 68,   6), ( 68,  17), ( 68,  18), ( 68,   6), ( 68,  18), ( 68,  16), ( 68,  12), ( 68,   8), 
( 69,  19), ( 69,   8), ( 69,   8), ( 69,  16), ( 69,  17), ( 69,  15), ( 69,   6), ( 69,   3), ( 69,   8), ( 69,   2), 
( 70,   6), ( 70,  16), ( 70,   5), ( 70,   3), ( 70,  10), ( 70,  10), ( 70,  15), ( 70,   8), ( 70,   3), ( 70,  16), 
( 71,   5), ( 71,  19), ( 71,   1), ( 71,   5), ( 71,  14), ( 71,  19), ( 71,   6), ( 71,   2), ( 71,  18), ( 71,  10), 
( 72,   8), ( 72,   7), ( 72,  19), ( 72,  16), ( 72,   6), ( 72,  12), ( 72,  15), ( 72,   5), ( 72,   4), ( 72,  12), 
( 73,   5), ( 73,   2), ( 73,  15), ( 73,  18), ( 73,   2), ( 73,   2), ( 73,  11), ( 73,   6), ( 73,   5), ( 73,   7), 
( 74,   7), ( 74,  19), ( 74,  18), ( 74,  11), ( 74,   1), ( 74,  15), ( 74,   6), ( 74,   7), ( 74,   9), ( 74,   9), 
( 75,  15), ( 75,  15), ( 75,  11), ( 75,   2), ( 75,  10), ( 75,  12), ( 75,  10), ( 75,   0), ( 75,   1), ( 75,   9), 
( 76,   0), ( 76,   9), ( 76,  10), ( 76,  12), ( 76,   2), ( 76,  19), ( 76,   1), ( 76,   3), ( 76,  19), ( 76,  18), 
( 77,  18), ( 77,   2), ( 77,  15), ( 77,  11), ( 77,  14), ( 77,  16), ( 77,   2), ( 77,   7), ( 77,  10), ( 77,   5), 
( 78,  19), ( 78,  18), ( 78,   9), ( 78,   6), ( 78,  15), ( 78,   0), ( 78,  18), ( 78,   3), ( 78,   9), ( 78,  13), 
( 79,   2), ( 79,  18), ( 79,   9), ( 79,   9), ( 79,  15), ( 79,   0), ( 79,  17), ( 79,   2), ( 79,  13), ( 79,   7), 
( 80,   3), ( 80,  13), ( 80,   0), ( 80,   9), ( 80,   8), ( 80,   3), ( 80,  13), ( 80,   2), ( 80,   9), ( 80,  12), 
( 81,  14), ( 81,   5), ( 81,   4), ( 81,  13), ( 81,   1), ( 81,  17), ( 81,   5), ( 81,   6), ( 81,   9), ( 81,  15), 
( 82,  10), ( 82,  14), ( 82,   2), ( 82,   7), ( 82,  16), ( 82,   5), ( 82,  12), ( 82,   2), ( 82,   5), ( 82,   8), 
( 83,   2), ( 83,  18), ( 83,  15), ( 83,  11), ( 83,   9), ( 83,   3), ( 83,   2), ( 83,   8), ( 83,   8), ( 83,   5), 
( 84,   6), ( 84,   2), ( 84,   7), ( 84,  15), ( 84,  19), ( 84,  19), ( 84,  17), ( 84,  14), ( 84,   0), ( 84,  11), 
( 85,   6), ( 85,   3), ( 85,  11), ( 85,   4), ( 85,  13), ( 85,   1), ( 85,   9), ( 85,  16), ( 85,   2), ( 85,  17), 
( 86,  17), ( 86,  16), ( 86,   4), ( 86,  11), ( 86,  10), ( 86,   1), ( 86,   0), ( 86,  18), ( 86,   1), ( 86,  17), 
( 87,  14), ( 87,   9), ( 87,   5), ( 87,  14), ( 87,  15), ( 87,  11), ( 87,   1), ( 87,   4), ( 87,   7), ( 87,   3), 
( 88,  18), ( 88,   7), ( 88,   9), ( 88,  14), ( 88,  17), ( 88,   2), ( 88,  15), ( 88,  13), ( 88,  11), ( 88,  15), 
( 89,  16), ( 89,   3), ( 89,  11), ( 89,  19), ( 89,   4), ( 89,   8), ( 89,  17), ( 89,  10), ( 89,   9), ( 89,  12), 
( 90,   0), ( 90,  14), ( 90,  14), ( 90,   2), ( 90,   9), ( 90,   0), ( 90,  12), ( 90,   8), ( 90,   5), ( 90,   6), 
( 91,   6), ( 91,  18), ( 91,   4), ( 91,   7), ( 91,  14), ( 91,   2), ( 91,  19), ( 91,  17), ( 91,   5), ( 91,   5), 
( 92,   0), ( 92,  12), ( 92,  10), ( 92,   7), ( 92,  16), ( 92,  12), ( 92,   8), ( 92,  16), ( 92,  16), ( 92,   3), 
( 93,   4), ( 93,  19), ( 93,   4), ( 93,   8), ( 93,   3), ( 93,  16), ( 93,   7), ( 93,   2), ( 93,  14), ( 93,   4), 
( 94,   5), ( 94,   8), ( 94,  18), ( 94,  12), ( 94,   6), ( 94,  10), ( 94,  17), ( 94,   9), ( 94,  14), ( 94,  16), 
( 95,  13), ( 95,  10), ( 95,  13), ( 95,   3), ( 95,  16), ( 95,   9), ( 95,   0), ( 95,   7), ( 95,  18), ( 95,   7), 
( 96,   7), ( 96,  15), ( 96,  10), ( 96,   1), ( 96,   0), ( 96,   2), ( 96,  18), ( 96,  14), ( 96,  11), ( 96,   6), 
( 97,  19), ( 97,   2), ( 97,  11), ( 97,   7), ( 97,  16), ( 97,   9), ( 97,  19), ( 97,   1), ( 97,  19), ( 97,   0), 
( 98,   2), ( 98,   8), ( 98,   1), ( 98,  12), ( 98,   1), ( 98,  15), ( 98,  11), ( 98,   4), ( 98,  10), ( 98,   1), 
( 99,  13), ( 99,   0), ( 99,   9), ( 99,   6), ( 99,  14), ( 99,  12), ( 99,   5), ( 99,  13), ( 99,  12), ( 99,   2)

Running: Insertion-Sort
Finished in 81us

Running: Selection-Sort
Finished in 4310us

Running: Merge-Sort
Finished in 403us

Running: Quick-Sort
Finished in 1227us

Running: Heap-Sort
Finished in 627us

Running: Bubble-Sort
Finished in 193us

Median time for: Insertion-Sort is 0us
Median time for: Selection-Sort is 0us
Median time for: Merge-Sort is 0us
Median time for: Quick-Sort is 0us
Median time for: Heap-Sort is 0us
Median time for: Bubble-Sort is 0us
Running: Insertion-Sort
Finished in 91us

Running: Selection-Sort
Finished in 4607us

Running: Merge-Sort
Finished in 392us

Running: Quick-Sort
Finished in 1212us

Running: Heap-Sort
Finished in 624us

Running: Bubble-Sort
Finished in 212us

Median time for: Insertion-Sort is 0us
Median time for: Selection-Sort is 0us
Median time for: Merge-Sort is 0us
Median time for: Quick-Sort is 0us
Median time for: Heap-Sort is 0us
Median time for: Bubble-Sort is 0us
Running: Insertion-Sort
Finished in 52us

Running: Selection-Sort
Finished in 2664us

Running: Merge-Sort
Finished in 224us

Running: Quick-Sort
Finished in 693us

Running: Heap-Sort
Finished in 377us

Running: Bubble-Sort
Finished in 109us

Median time for: Insertion-Sort is 52us
Median time for: Selection-Sort is 2664us
Median time for: Merge-Sort is 224us
Median time for: Quick-Sort is 693us
Median time for: Heap-Sort is 377us
Median time for: Bubble-Sort is 109us
Running: Insertion-Sort
Finished in 51us

Running: Selection-Sort
Finished in 2596us

Running: Merge-Sort
Finished in 218us

Running: Quick-Sort
Finished in 672us

Running: Heap-Sort
Finished in 367us

Running: Bubble-Sort
Finished in 106us

Median time for: Insertion-Sort is 52us
Median time for: Selection-Sort is 2664us
Median time for: Merge-Sort is 224us
Median time for: Quick-Sort is 693us
Median time for: Heap-Sort is 377us
Median time for: Bubble-Sort is 109us
Running: Insertion-Sort
Finished in 50us

Running: Selection-Sort
Finished in 2575us

Running: Merge-Sort
Finished in 218us

Running: Quick-Sort
Finished in 698us

Running: Heap-Sort
Finished in 370us

Running: Bubble-Sort
Finished in 107us

Median time for: Insertion-Sort is 52us
Median time for: Selection-Sort is 2664us
Median time for: Merge-Sort is 224us
Median time for: Quick-Sort is 698us
Median time for: Heap-Sort is 377us
Median time for: Bubble-Sort is 109us
Using variation 10
Reading 1000 pairs.......... done!
Run list:
(  0,   4), (  0,   0), (  0,  13), (  0,  19), (  0,  11), (  0,   7), (  0,  17), (  0,  13), (  0,  11), (  0,   2), 
(  1,  18), (  1,  12), (  1,  13), (  1,   5), (  1,  11), (  1,  16), (  1,   7), (  1,  16), (  1,   7), (  1,   1), 
(  2,   5), (  2,  12), (  2,   2), (  2,   0), (  2,  17), (  2,  18), (  2,   0), (  2,  19), (  2,   6), (  2,  12), 
(  3,  12), (  3,  13), (  3,  11), (  3,  16), (  3,   3), (  3,   3), (  3,  12), (  3,   4), (  3,  11), (  3,   9), 
(  4,  18), (  4,  16), (  4,   5), (  4,   1), (  4,  17), (  4,  18), (  4,  14), (  4,   0), (  4,   9), (  4,  19), 
(  5,   9), (  5,  14), (  5,  17), (  5,  14), (  5,   6), (  5,   3), (  5,  16), (  5,  13), (  5,  13), (  5,   3), 
(  6,   3), (  6,  15), (  6,   9), (  6,  17), (  6,  15), (  6,   8), (  6,   7), (  6,  11), (  6,  17), (  6,  15), 
(  7,  14), (  7,   9), (  7,   2), (  7,  16), (  7,  13), (  7,   5), (  7,   8), (  7,   5), (  7,  18), (  7,  19), 
(  8,   0), (  8,  14), (  8,  17), (  8,  15), (  8,  14), (  8,   2), (  8,   0), (  8,   6), (  8,   8), (  8,   0), 
(  9,  19), (  9,   4), (  9,   2), (  9,   5), (  9,  11), (  9,   5), (  9,  13), (  9,  19), (  9,  13), (  9,  19), 
( 10,   7), ( 10,   1), ( 10,  11), ( 10,   3), ( 10,  16), ( 10,   6), ( 10,  10), ( 10,  14), ( 10,  13), ( 10,  11), 
( 11,   7), ( 11,   9), ( 11,  17), ( 11,  12), ( 11,   4), ( 11,   8), ( 11,   7), ( 11,  13), ( 11,  10), ( 11,  11), 
( 12,  14), ( 12,  13), ( 12,   4), ( 12,  19), ( 12,   0), ( 12,   1), ( 12,  13), ( 12,   7), ( 12,  12), ( 12,   2), 
( 13,  18), ( 13,   3), ( 13,   2), ( 13,  16), ( 13,   7), ( 13,   5), ( 13,  12), ( 13,  13), ( 13,  14), ( 13,  13), 
( 14,   1), ( 14,   0), ( 14,   2), ( 14,   1), ( 14,   3), ( 14,  13), ( 14,   5), ( 14,   5), ( 14,  13), ( 14,  10), 
( 15,  11), ( 15,   9), ( 15,  18), ( 15,   0), ( 15,  13), ( 15,   1), ( 15,  12), ( 15,   4), ( 15,  14), ( 15,   4), 
( 16,  18), ( 16,   4), ( 16,  17), ( 16,  11), ( 16,   5), ( 16,   7), ( 16,   3), ( 16,  12), ( 16,  13), ( 16,   9), 
( 17,   7), ( 17,  10), ( 17,  16), ( 17,   6), ( 17,  18), ( 17,   9), ( 17,  12), ( 17,  10), ( 17,  19), ( 17,  10), 
( 18,   4), ( 18,   6), ( 18,  11), ( 18,   0), ( 18,   3), ( 18,  12), ( 18,  11), ( 18,   0), ( 18,  19), ( 18,   1), 
( 19,  19), ( 19,  13), ( 19,  16), ( 19,  14), ( 19,   6), ( 19,   7), ( 19,   1), ( 19,  15), ( 19,   2), ( 19,  12), 
( 20,  13), ( 20,  10), ( 20,  12), ( 20,  14), ( 20,  18), ( 20,   8), ( 20,   2), ( 20,   8), ( 20,  17), ( 20,  19), 
( 21,   5), ( 21,   7), ( 21,   3), ( 21,  11), ( 21,  15), ( 21,   3), ( 21,   2), ( 21,   1), ( 21,  17), ( 21,   5), 
( 22,   5), ( 22,  16), ( 22,   5), ( 22,   4), ( 22,   6), ( 22,  15), ( 22,   1), ( 22,   7), ( 22,  10), ( 22,   0), 
( 23,   8), ( 23,  18), ( 23,   1), ( 23,  18), ( 23,  16), ( 23,   7), ( 23,  10), ( 23,  19), ( 23,   0), ( 23,  17), 
( 24,   5), ( 24,  10), ( 24,  12), ( 24,   4), ( 24,   3), ( 24,  13), ( 24,   1), ( 24,   0), ( 24,  15), ( 24,   0), 
( 25,  19), ( 25,  12), ( 25,   9), ( 25,  10), ( 25,   1), ( 25,  18), ( 25,  11), ( 25,  11), ( 25,  14), ( 25,   2), 
( 26,   3), ( 26,  12), ( 26,  13), ( 26,   8), ( 26,  12), ( 26,   2), ( 26,  10), ( 26,  10), ( 26,  17), ( 26,  13), 
( 27,   8), ( 27,   2), ( 27,  10), ( 27,  10), ( 27,   5), ( 27,   8), ( 27,   4), ( 27,   7), ( 27,  11), ( 27,  10), 
( 28,   9), ( 28,  13), ( 28,  13), ( 28,  17), ( 28,   4), ( 28,  14), ( 28,   2), ( 28,  19), ( 28,   9), ( 28,  15), 
( 29,   6), ( 29,  18), ( 29,   5), ( 29,   5), ( 29,  13), ( 29,  19), ( 29,  12), ( 29,   0), ( 29,   7), ( 29,  11), 
( 30,  10), ( 30,   6), ( 30,  16), ( 30,  10), ( 30,  17), ( 30,   0), ( 30,   5), ( 30,   9), ( 30,   1), ( 30,  17), 
( 31,   8), ( 31,   8), ( 31,   9), ( 31,  10), ( 31,  16), ( 31,   4), ( 31,   6), ( 31,   1), ( 31,   8), ( 31,  15), 
( 32,   9), ( 32,   2), ( 32,   4), ( 32,  14), ( 32,  16), ( 32,   7), ( 32,   1), ( 32,   7), ( 32,   2), ( 32,  16), 
( 33,   9), ( 33,   9), ( 33,   6), ( 33,   1), ( 33,  10), ( 33,   4), ( 33,  13), ( 33,  10), ( 33,  19), ( 33,   6), 
( 34,  11), ( 34,   0), ( 34,   0), ( 34,   3), ( 34,   3), ( 34,   5), ( 34,   2), ( 34,  13), ( 34,  19), ( 34,   2), 
( 35,  15), ( 35,  10), ( 35,   6), ( 35,   5), ( 35,   0), ( 35,  13), ( 35,  12), ( 35,  17), ( 35,   8), ( 35,  11), 
( 36,  18), ( 36,  17), ( 36,  14), ( 36,   2), ( 36,   5), ( 36,   6), ( 36,   1), ( 36,   9), ( 36,   8), ( 36,   4), 
( 37,  19), ( 37,   2), ( 37,  18), ( 37,  11), ( 37,  16), ( 37,   0), ( 37,  19), ( 37,  14), ( 37,   5), ( 37,  15), 
( 38,  18), ( 38,  18), ( 38,  11), ( 38,   8), ( 38,   6), ( 38,  11), ( 38,   6), ( 38,   1), ( 38,   4), ( 38,  19), 
( 39,  10), ( 39,   9), ( 39,   7), ( 39,  15), ( 39,   8), ( 39,   9), ( 39,   3), ( 39,   2), ( 39,   1), ( 39,   2), 
( 40,  19), ( 40,   9), ( 40,   5), ( 40,  15), ( 40,   6), ( 40,   3), ( 40,  18), ( 40,  17), ( 40,   0), ( 40,   0), 
( 41,   4), ( 41,   4), ( 41,  16), ( 41,   0), ( 41,   5), ( 41,  12), ( 41,  10), ( 41,  13), ( 41,  18), ( 41,  16), 
( 42,   1), ( 42,  18), ( 42,  19), ( 42,  16), ( 42,  18), ( 42,   7), ( 42,  10), ( 42,  18), ( 42,  11), ( 42,  12), 
( 43,  14), ( 43,   1), ( 43,   2), ( 43,   9), ( 43,   9), ( 43,   7), ( 43,  14), ( 43,  15), ( 43,  12), ( 43,   7), 
( 44,  19), ( 44,   8), ( 44,   3), ( 44,  19), ( 44,  13), ( 44,  12), ( 44,  12), ( 44,   0), ( 44,  13), ( 44,  14), 
( 45,   8), ( 45,   0), ( 45,   2), ( 45,   6), ( 45,  15), ( 45,   4), ( 45,  19), ( 45,   0), ( 45,   1), ( 45,   4), 
( 46,   6), ( 46,   1), ( 46,   0), ( 46,  15), ( 46,   8), ( 46,   5), ( 46,  16), ( 46,  11), ( 46,   3), ( 46,   7), 
( 47,   5), ( 47,   2), ( 47,  19), ( 47,  12), ( 47,   7), ( 47,   3), ( 47,  12), ( 47,   3), ( 47,   0), ( 47,   7), 
( 48,   4), ( 48,   6), ( 48,   9), ( 48,  11), ( 48,   8), ( 48,   9), ( 48,   3), ( 48,  16), ( 48,  13), ( 48,   6), 
( 49,   7), ( 49,   5), ( 49,  16), ( 49,   4), ( 49,  16), ( 49,   0), ( 49,  14), ( 49,   8), ( 49,   9), ( 49,  12), 
( 50,   4), ( 50,   4), ( 50,   1), ( 50,  15), ( 50,   1), ( 50,   7), ( 50,   6), ( 50,   2), ( 50,  18), ( 50,  12), 
( 51,   5), ( 51,   0), ( 51,   3), ( 51,  18), ( 51,   4), ( 51,  10), ( 51,   7), ( 51,   2), ( 51,   9), ( 51,  18), 
( 52,  13), ( 52,   3), ( 52,  10), ( 52,  19), ( 52,  16), ( 52,   2), ( 52,   8), ( 52,   4), ( 52,   0), ( 52,   7), 
( 53,  16), ( 53,  12), ( 53,  11), ( 53,  14), ( 53,  12), ( 53,   8), ( 53,  17), ( 53,  19), ( 53,   2), ( 53,   6), 
( 54,   3), ( 54,  16), ( 54,   7), ( 54,   9), ( 54,   2), ( 54,   6), ( 54,   1), ( 54,  17), ( 54,  19), ( 54,   6), 
( 55,  11), ( 55,   8), ( 55,   7), ( 55,   0), ( 55,  17), ( 55,  16), ( 55,   7), ( 55,  14), ( 55,   6), ( 55,   7), 
( 56,   9), ( 56,   1), ( 56,  13), ( 56,  12), ( 56,   9), ( 56,   8), ( 56,  19), ( 56,  18), ( 56,  11), ( 56,   0), 
( 57,  10), ( 57,   1), ( 57,  14), ( 57,  10), ( 57,   7), ( 57,   8), ( 57,   8), ( 57,   9), ( 57,   4), ( 57,   1), 
( 58,   7), ( 58,   3), ( 58,  16), ( 58,  12), ( 58,  14), ( 58,   7), ( 58,  16), ( 58,   6), ( 58,   9), ( 58,  12), 
( 59,  18), ( 59,  17), ( 59,  15), ( 59,  18), ( 59,   8), ( 59,  12), ( 59,   9), ( 59,  10), ( 59,   1), ( 59,   8), 
( 60,   2), ( 60,  11), ( 60,   6), ( 60,   1), ( 60,   8), ( 60,  11), ( 60,  12), ( 60,   3), ( 60,  18), ( 60,   3), 
( 61,  14), ( 61,   8), ( 61,  12), ( 61,  13), ( 61,  13), ( 61,   0), ( 61,   3), ( 61,   7), ( 61,  11), ( 61,  14), 
( 62,   1), ( 62,   1), ( 62,  10), ( 62,  18), ( 62,  15), ( 62,  19), ( 62,  14), ( 62,   0), ( 62,   9), ( 62,  13), 
( 63,  13), ( 63,  16), ( 63,  11), ( 63,   3), ( 63,  19), ( 63,  11), ( 63,   1), ( 63,   2), ( 63,   9), ( 63,   8), 
( 64,  16), ( 64,  13), ( 64,  13), ( 64,   7), ( 64,  10), ( 64,   3), ( 64,   8), ( 64,  14), ( 64,  18), ( 64,   5), 
( 65,   2), ( 65,   1), ( 65,  12), ( 65,   4), ( 65,  19), ( 65,  14), ( 65,   0), ( 65,  16), ( 65,   9), ( 65,  12), 
( 66,  14), ( 66,  16), ( 66,  18), ( 66,  17), ( 66,  10), ( 66,   0), ( 66,   3), ( 66,  12), ( 66,   0), ( 66,  16), 
( 67,   9), ( 67,   4), ( 67,  17), ( 67,  18), ( 67,  15), ( 67,  14), ( 67,   8), ( 67,  17), ( 67,  11), ( 67,  12), 
( 68,  15), ( 68,   0), ( 68,   6), ( 68,  17), ( 68,  18), ( 68,   6), ( 68,  18), ( 68,  16), ( 68,  12), ( 68,   8), 
( 69,  19), ( 69,   8), ( 69,   8), ( 69,  16), ( 69,  17), ( 69,  15), ( 69,   6), ( 69,   3), ( 69,   8), ( 69,   2), 
( 70,   6), ( 70,  16), ( 70,   5), ( 70,   3), ( 70,  10), ( 70,  10), ( 70,  15), ( 70,   8), ( 70,   3), ( 70,  16), 
( 71,   5), ( 71,  19), ( 71,   1), ( 71,   5), ( 71,  14), ( 71,  19), ( 71,   6), ( 71,   2), ( 71,  18), ( 71,  10), 
( 72,   8), ( 72,   7), ( 72,  19), ( 72,  16), ( 72,   6), ( 72,  12), ( 72,  15), ( 72,   5), ( 72,   4), ( 72,  12), 
( 73,   5), ( 73,   2), ( 73,  15), ( 73,  18), ( 73,   2), ( 73,   2), ( 73,  11), ( 73,   6), ( 73,   5), ( 73,   7), 
( 74,   7), ( 74,  19), ( 74,  18), ( 74,  11), ( 74,   1), ( 74,  15), ( 74,   6), ( 74,   7), ( 74,   9), ( 74,   9), 
( 75,  15), ( 75,  15), ( 75,  11), ( 75,   2), ( 75,  10), ( 75,  12), ( 75,  10), ( 75,   0), ( 75,   1), ( 75,   9), 
( 76,   0), ( 76,   9), ( 76,  10), ( 76,  12), ( 76,   2), ( 76,  19), ( 76,   1), ( 76,   3), ( 76,  19), ( 76,  18), 
( 77,  18), ( 77,   2), ( 77,  15), ( 77,  11), ( 77,  14), ( 77,  16), ( 77,   2), ( 77,   7), ( 77,  10), ( 77,   5), 
( 78,  19), ( 78,  18), ( 78,   9), ( 78,   6), ( 78,  15), ( 78,   0), ( 78,  18), ( 78,   3), ( 78,   9), ( 78,  13), 
( 79,   2), ( 79,  18), ( 79,   9), ( 79,   9), ( 79,  15), ( 79,   0), ( 79,  17), ( 79,   2), ( 79,  13), ( 79,   7), 
( 80,   3), ( 80,  13), ( 80,   0), ( 80,   9), ( 80,   8), ( 80,   3), ( 80,  13), ( 80,   2), ( 80,   9), ( 80,  12), 
( 81,  14), ( 81,   5), ( 81,   4), ( 81,  13), ( 81,   1), ( 81,  17), ( 81,   5), ( 81,   6), ( 81,   9), ( 81,  15), 
( 82,  10), ( 82,  14), ( 82,   2), ( 82,   7), ( 82,  16), ( 82,   5), ( 82,  12), ( 82,   2), ( 82,   5), ( 82,   8), 
( 83,   2), ( 83,  18), ( 83,  15), ( 83,  11), ( 83,   9), ( 83,   3), ( 83,   2), ( 83,   8), ( 83,   8), ( 83,   5), 
( 84,   6), ( 84,   2), ( 84,   7), ( 84,  15), ( 84,  19), ( 84,  19), ( 84,  17), ( 84,  14), ( 84,   0), ( 84,  11), 
( 85,   6), ( 85,   3), ( 85,  11), ( 85,   4), ( 85,  13), ( 85,   1), ( 85,   9), ( 85,  16), ( 85,   2), ( 85,  17), 
( 86,  17), ( 86,  16), ( 86,   4), ( 86,  11), ( 86,  10), ( 86,   1), ( 86,   0), ( 86,  18), ( 86,   1), ( 86,  17), 
( 87,  14), ( 87,   9), ( 87,   5), ( 87,  14), ( 87,  15), ( 87,  11), ( 87,   1), ( 87,   4), ( 87,   7), ( 87,   3), 
( 88,  18), ( 88,   7), ( 88,   9), ( 88,  14), ( 88,  17), ( 88,   2), ( 88,  15), ( 88,  13), ( 88,  11), ( 88,  15), 
( 89,  16), ( 89,   3), ( 89,  11), ( 89,  19), ( 89,   4), ( 89,   8), ( 89,  17), ( 89,  10), ( 89,   9), ( 89,  12), 
( 90,   0), ( 90,  14), ( 90,  14), ( 90,   2), ( 90,   9), ( 90,   0), ( 90,  12), ( 90,   8), ( 90,   5), ( 90,   6), 
( 91,   6), ( 91,  18), ( 91,   4), ( 91,   7), ( 91,  14), ( 91,   2), ( 91,  19), ( 91,  17), ( 91,   5), ( 91,   5), 
( 92,   0), ( 92,  12), ( 92,  10), ( 92,   7), ( 92,  16), ( 92,  12), ( 92,   8), ( 92,  16), ( 92,  16), ( 92,   3), 
( 93,   4), ( 93,  19), ( 93,   4), ( 93,   8), ( 93,   3), ( 93,  16), ( 93,   7), ( 93,   2), ( 93,  14), ( 93,   4), 
( 94,   5), ( 94,   8), ( 94,  18), ( 94,  12), ( 94,   6), ( 94,  10), ( 94,  17), ( 94,   9), ( 94,  14), ( 94,  16), 
( 95,  13), ( 95,  10), ( 95,  13), ( 95,   3), ( 95,  16), ( 95,   9), ( 95,   0), ( 95,   7), ( 95,  18), ( 95,   7), 
( 96,   7), ( 96,  15), ( 96,  10), ( 96,   1), ( 96,   0), ( 96,   2), ( 96,  18), ( 96,  14), ( 96,  11), ( 96,   6), 
( 97,  19), ( 97,   2), ( 97,  11), ( 97,   7), ( 97,  16), ( 97,   9), ( 97,  19), ( 97,   1), ( 97,  19), ( 97,   0), 
( 98,   2), ( 98,   8), ( 98,   1), ( 98,  12), ( 98,   1), ( 98,  15), ( 98,  11), ( 98,   4), ( 98,  10), ( 98,   1), 
( 99,  13), ( 99,   0), ( 99,   9), ( 99,   6), ( 99,  14), ( 99,  12), ( 99,   5), ( 99,  13), ( 99,  12), ( 99,   2)

Running: Insertion-Sort
Finished in 79us

Running: Selection-Sort
Finished in 3985us

Running: Merge-Sort
Finished in 351us

Running: Quick-Sort
Finished in 967us

Running: Heap-Sort
Finished in 461us

Running: Bubble-Sort
Finished in 143us

Median time for: Insertion-Sort is 0us
Median time for: Selection-Sort is 0us
Median time for: Merge-Sort is 0us
Median time for: Quick-Sort is 0us
Median time for: Heap-Sort is 0us
Median time for: Bubble-Sort is 0us
Running: Insertion-Sort
Finished in 67us

Running: Selection-Sort
Finished in 3412us

Running: Merge-Sort
Finished in 292us

Running: Quick-Sort
Finished in 896us

Running: Heap-Sort
Finished in 463us

Running: Bubble-Sort
Finished in 143us

Median time for: Insertion-Sort is 0us
Median time for: Selection-Sort is 0us
Median time for: Merge-Sort is 0us
Median time for: Quick-Sort is 0us
Median time for: Heap-Sort is 0us
Median time for: Bubble-Sort is 0us
Running: Insertion-Sort
Finished in 67us

Running: Selection-Sort
Finished in 3383us

Running: Merge-Sort
Finished in 291us

Running: Quick-Sort
Finished in 898us

Running: Heap-Sort
Finished in 464us

Running: Bubble-Sort
Finished in 143us

Median time for: Insertion-Sort is 67us
Median time for: Selection-Sort is 3383us
Median time for: Merge-Sort is 291us
Median time for: Quick-Sort is 896us
Median time for: Heap-Sort is 461us
Median time for: Bubble-Sort is 143us
Running: Insertion-Sort
Finished in 72us

Running: Selection-Sort
Finished in 2548us

Running: Merge-Sort
Finished in 219us

Running: Quick-Sort
Finished in 671us

Running: Heap-Sort
Finished in 393us

Running: Bubble-Sort
Finished in 143us

Median time for: Insertion-Sort is 67us
Median time for: Selection-Sort is 3383us
Median time for: Merge-Sort is 291us
Median time for: Quick-Sort is 896us
Median time for: Heap-Sort is 461us
Median time for: Bubble-Sort is 143us
Running: Insertion-Sort
Finished in 51us

Running: Selection-Sort
Finished in 2683us

Running: Merge-Sort
Finished in 225us

Running: Quick-Sort
Finished in 691us

Running: Heap-Sort
Finished in 389us

Running: Bubble-Sort
Finished in 109us

Median time for: Insertion-Sort is 67us
Median time for: Selection-Sort is 3383us
Median time for: Merge-Sort is 291us
Median time for: Quick-Sort is 896us
Median time for: Heap-Sort is 461us
Median time for: Bubble-Sort is 143us
Using variation 16
Reading 1000 pairs.......... done!
Running: Insertion-Sort
Finished in 56us
additions,subtractions,multiplications,divisions,modulos,increments,decrements,assignments,ands,ors,comparissons,ternaries,boolean_checks,ifs,loops,calls,returns,passed_words,declarations_integer,array_references,declarations_boolean,declarations_points,declarations_array,declarations_array_length
3228,999,0,0,0,999,2229,5226,3228,0,7456,0,0,0,4228,1,0,2,2,9684,0,1,0,0

Running: Selection-Sort
Finished in 2810us
additions,subtractions,multiplications,divisions,modulos,increments,decrements,assignments,ands,ors,comparissons,ternaries,boolean_checks,ifs,loops,calls,returns,passed_words,declarations_integer,array_references,declarations_boolean,declarations_points,declarations_array,declarations_array_length
999,1,0,0,0,500499,0,6171,0,0,1000999,0,0,499500,501499,1,0,2,3,1002996,0,999,0,0

Running: Merge-Sort
Finished in 258us
additions,subtractions,multiplications,divisions,modulos,increments,decrements,assignments,ands,ors,comparissons,ternaries,boolean_checks,ifs,loops,calls,returns,passed_words,declarations_integer,array_references,declarations_boolean,declarations_points,declarations_array,declarations_array_length
3996,10975,0,999,0,39904,0,24947,6821,0,38590,5822,0,1999,23948,2998,0,9993,3996,41572,0,0,999,9976

Running: Quick-Sort
Finished in 817us
additions,subtractions,multiplications,divisions,modulos,increments,decrements,assignments,ands,ors,comparissons,ternaries,boolean_checks,ifs,loops,calls,returns,passed_words,declarations_integer,array_references,declarations_boolean,declarations_points,declarations_array,declarations_array_length
1362,681,0,0,0,151127,0,7494,0,0,302026,0,0,151354,150672,2044,681,6132,2043,157940,0,2498,0,0

Running: Heap-Sort
Finished in 368us
additions,subtractions,multiplications,divisions,modulos,increments,decrements,assignments,ands,ors,comparissons,ternaries,boolean_checks,ifs,loops,calls,returns,passed_words,declarations_integer,array_references,declarations_boolean,declarations_points,declarations_array,declarations_array_length
20280,1,20280,1,0,0,1500,63602,20280,0,52202,10140,0,20280,1502,10141,0,30422,30422,79116,0,9639,0,0

Running: Bubble-Sort
Finished in 114us
additions,subtractions,multiplications,divisions,modulos,increments,decrements,assignments,ands,ors,comparissons,ternaries,boolean_checks,ifs,loops,calls,returns,passed_words,declarations_integer,array_references,declarations_boolean,declarations_points,declarations_array,declarations_array_length
0,12219,0,0,0,9990,0,8937,0,0,10000,0,11,9990,10011,1,0,2,1,28896,1,2229,0,0

Using variation 16
Reading 1000 pairs.......... done!
Running: Insertion-Sort
Finished in 58us
additions,subtractions,multiplications,divisions,modulos,increments,decrements,assignments,ands,ors,comparissons,ternaries,boolean_checks,ifs,loops,calls,returns,passed_words,declarations_integer,array_references,declarations_boolean,declarations_points,declarations_array,declarations_array_length
3228,999,0,0,0,999,2229,5226,3228,0,7456,0,0,0,4228,1,0,2,2,9684,0,1,0,0

Running: Selection-Sort
Finished in 2739us
additions,subtractions,multiplications,divisions,modulos,increments,decrements,assignments,ands,ors,comparissons,ternaries,boolean_checks,ifs,loops,calls,returns,passed_words,declarations_integer,array_references,declarations_boolean,declarations_points,declarations_array,declarations_array_length
999,1,0,0,0,500499,0,6171,0,0,1000999,0,0,499500,501499,1,0,2,3,1002996,0,999,0,0

Running: Merge-Sort
Finished in 250us
additions,subtractions,multiplications,divisions,modulos,increments,decrements,assignments,ands,ors,comparissons,ternaries,boolean_checks,ifs,loops,calls,returns,passed_words,declarations_integer,array_references,declarations_boolean,declarations_points,declarations_array,declarations_array_length
3996,10975,0,999,0,39904,0,24947,6821,0,38590,5822,0,1999,23948,2998,0,9993,3996,41572,0,0,999,9976

Running: Quick-Sort
Finished in 878us
additions,subtractions,multiplications,divisions,modulos,increments,decrements,assignments,ands,ors,comparissons,ternaries,boolean_checks,ifs,loops,calls,returns,passed_words,declarations_integer,array_references,declarations_boolean,declarations_points,declarations_array,declarations_array_length
1362,681,0,0,0,151127,0,7494,0,0,302026,0,0,151354,150672,2044,681,6132,2043,157940,0,2498,0,0

Running: Heap-Sort
Finished in 375us
additions,subtractions,multiplications,divisions,modulos,increments,decrements,assignments,ands,ors,comparissons,ternaries,boolean_checks,ifs,loops,calls,returns,passed_words,declarations_integer,array_references,declarations_boolean,declarations_points,declarations_array,declarations_array_length
20280,1,20280,1,0,0,1500,63602,20280,0,52202,10140,0,20280,1502,10141,0,30422,30422,79116,0,9639,0,0

Running: Bubble-Sort
Finished in 114us
additions,subtractions,multiplications,divisions,modulos,increments,decrements,assignments,ands,ors,comparissons,ternaries,boolean_checks,ifs,loops,calls,returns,passed_words,declarations_integer,array_references,declarations_boolean,declarations_points,declarations_array,declarations_array_length
0,12219,0,0,0,9990,0,8937,0,0,10000,0,11,9990,10011,1,0,2,1,28896,1,2229,0,0

Using variation 42
Reading 1000 pairs.......... done!
Run list:
(  0,   4), (  0,   0), (  0,  13), (  0,  19), (  0,  11), (  0,   7), (  0,  17), (  0,  13), (  0,  11), (  0,   2), 
(  1,  18), (  1,  12), (  1,  13), (  1,   5), (  1,  11), (  1,  16), (  1,   7), (  1,  16), (  1,   7), (  1,   1), 
(  2,   5), (  2,  12), (  2,   2), (  2,   0), (  2,  17), (  2,  18), (  2,   0), (  2,  19), (  2,   6), (  2,  12), 
(  3,  12), (  3,  13), (  3,  11), (  3,  16), (  3,   3), (  3,   3), (  3,  12), (  3,   4), (  3,  11), (  3,   9), 
(  4,  18), (  4,  16), (  4,   5), (  4,   1), (  4,  17), (  4,  18), (  4,  14), (  4,   0), (  4,   9), (  4,  19), 
(  5,   9), (  5,  14), (  5,  17), (  5,  14), (  5,   6), (  5,   3), (  5,  16), (  5,  13), (  5,  13), (  5,   3), 
(  6,   3), (  6,  15), (  6,   9), (  6,  17), (  6,  15), (  6,   8), (  6,   7), (  6,  11), (  6,  17), (  6,  15), 
(  7,  14), (  7,   9), (  7,   2), (  7,  16), (  7,  13), (  7,   5), (  7,   8), (  7,   5), (  7,  18), (  7,  19), 
(  8,   0), (  8,  14), (  8,  17), (  8,  15), (  8,  14), (  8,   2), (  8,   0), (  8,   6), (  8,   8), (  8,   0), 
(  9,  19), (  9,   4), (  9,   2), (  9,   5), (  9,  11), (  9,   5), (  9,  13), (  9,  19), (  9,  13), (  9,  19), 
( 10,   7), ( 10,   1), ( 10,  11), ( 10,   3), ( 10,  16), ( 10,   6), ( 10,  10), ( 10,  14), ( 10,  13), ( 10,  11), 
( 11,   7), ( 11,   9), ( 11,  17), ( 11,  12), ( 11,   4), ( 11,   8), ( 11,   7), ( 11,  13), ( 11,  10), ( 11,  11), 
( 12,  14), ( 12,  13), ( 12,   4), ( 12,  19), ( 12,   0), ( 12,   1), ( 12,  13), ( 12,   7), ( 12,  12), ( 12,   2), 
( 13,  18), ( 13,   3), ( 13,   2), ( 13,  16), ( 13,   7), ( 13,   5), ( 13,  12), ( 13,  13), ( 13,  14), ( 13,  13), 
( 14,   1), ( 14,   0), ( 14,   2), ( 14,   1), ( 14,   3), ( 14,  13), ( 14,   5), ( 14,   5), ( 14,  13), ( 14,  10), 
( 15,  11), ( 15,   9), ( 15,  18), ( 15,   0), ( 15,  13), ( 15,   1), ( 15,  12), ( 15,   4), ( 15,  14), ( 15,   4), 
( 16,  18), ( 16,   4), ( 16,  17), ( 16,  11), ( 16,   5), ( 16,   7), ( 16,   3), ( 16,  12), ( 16,  13), ( 16,   9), 
( 17,   7), ( 17,  10), ( 17,  16), ( 17,   6), ( 17,  18), ( 17,   9), ( 17,  12), ( 17,  10), ( 17,  19), ( 17,  10), 
( 18,   4), ( 18,   6), ( 18,  11), ( 18,   0), ( 18,   3), ( 18,  12), ( 18,  11), ( 18,   0), ( 18,  19), ( 18,   1), 
( 19,  19), ( 19,  13), ( 19,  16), ( 19,  14), ( 19,   6), ( 19,   7), ( 19,   1), ( 19,  15), ( 19,   2), ( 19,  12), 
( 20,  13), ( 20,  10), ( 20,  12), ( 20,  14), ( 20,  18), ( 20,   8), ( 20,   2), ( 20,   8), ( 20,  17), ( 20,  19), 
( 21,   5), ( 21,   7), ( 21,   3), ( 21,  11), ( 21,  15), ( 21,   3), ( 21,   2), ( 21,   1), ( 21,  17), ( 21,   5), 
( 22,   5), ( 22,  16), ( 22,   5), ( 22,   4), ( 22,   6), ( 22,  15), ( 22,   1), ( 22,   7), ( 22,  10), ( 22,   0), 
( 23,   8), ( 23,  18), ( 23,   1), ( 23,  18), ( 23,  16), ( 23,   7), ( 23,  10), ( 23,  19), ( 23,   0), ( 23,  17), 
( 24,   5), ( 24,  10), ( 24,  12), ( 24,   4), ( 24,   3), ( 24,  13), ( 24,   1), ( 24,   0), ( 24,  15), ( 24,   0), 
( 25,  19), ( 25,  12), ( 25,   9), ( 25,  10), ( 25,   1), ( 25,  18), ( 25,  11), ( 25,  11), ( 25,  14), ( 25,   2), 
( 26,   3), ( 26,  12), ( 26,  13), ( 26,   8), ( 26,  12), ( 26,   2), ( 26,  10), ( 26,  10), ( 26,  17), ( 26,  13), 
( 27,   8), ( 27,   2), ( 27,  10), ( 27,  10), ( 27,   5), ( 27,   8), ( 27,   4), ( 27,   7), ( 27,  11), ( 27,  10), 
( 28,   9), ( 28,  13), ( 28,  13), ( 28,  17), ( 28,   4), ( 28,  14), ( 28,   2), ( 28,  19), ( 28,   9), ( 28,  15), 
( 29,   6), ( 29,  18), ( 29,   5), ( 29,   5), ( 29,  13), ( 29,  19), ( 29,  12), ( 29,   0), ( 29,   7), ( 29,  11), 
( 30,  10), ( 30,   6), ( 30,  16), ( 30,  10), ( 30,  17), ( 30,   0), ( 30,   5), ( 30,   9), ( 30,   1), ( 30,  17), 
( 31,   8), ( 31,   8), ( 31,   9), ( 31,  10), ( 31,  16), ( 31,   4), ( 31,   6), ( 31,   1), ( 31,   8), ( 31,  15), 
( 32,   9), ( 32,   2), ( 32,   4), ( 32,  14), ( 32,  16), ( 32,   7), ( 32,   1), ( 32,   7), ( 32,   2), ( 32,  16), 
( 33,   9), ( 33,   9), ( 33,   6), ( 33,   1), ( 33,  10), ( 33,   4), ( 33,  13), ( 33,  10), ( 33,  19), ( 33,   6), 
( 34,  11), ( 34,   0), ( 34,   0), ( 34,   3), ( 34,   3), ( 34,   5), ( 34,   2), ( 34,  13), ( 34,  19), ( 34,   2), 
( 35,  15), ( 35,  10), ( 35,   6), ( 35,   5), ( 35,   0), ( 35,  13), ( 35,  12), ( 35,  17), ( 35,   8), ( 35,  11), 
( 36,  18), ( 36,  17), ( 36,  14), ( 36,   2), ( 36,   5), ( 36,   6), ( 36,   1), ( 36,   9), ( 36,   8), ( 36,   4), 
( 37,  19), ( 37,   2), ( 37,  18), ( 37,  11), ( 37,  16), ( 37,   0), ( 37,  19), ( 37,  14), ( 37,   5), ( 37,  15), 
( 38,  18), ( 38,  18), ( 38,  11), ( 38,   8), ( 38,   6), ( 38,  11), ( 38,   6), ( 38,   1), ( 38,   4), ( 38,  19), 
( 39,  10), ( 39,   9), ( 39,   7), ( 39,  15), ( 39,   8), ( 39,   9), ( 39,   3), ( 39,   2), ( 39,   1), ( 39,   2), 
( 40,  19), ( 40,   9), ( 40,   5), ( 40,  15), ( 40,   6), ( 40,   3), ( 40,  18), ( 40,  17), ( 40,   0), ( 40,   0), 
( 41,   4), ( 41,   4), ( 41,  16), ( 41,   0), ( 41,   5), ( 41,  12), ( 41,  10), ( 41,  13), ( 41,  18), ( 41,  16), 
( 42,   1), ( 42,  18), ( 42,  19), ( 42,  16), ( 42,  18), ( 42,   7), ( 42,  10), ( 42,  18), ( 42,  11), ( 42,  12), 
( 43,  14), ( 43,   1), ( 43,   2), ( 43,   9), ( 43,   9), ( 43,   7), ( 43,  14), ( 43,  15), ( 43,  12), ( 43,   7), 
( 44,  19), ( 44,   8), ( 44,   3), ( 44,  19), ( 44,  13), ( 44,  12), ( 44,  12), ( 44,   0), ( 44,  13), ( 44,  14), 
( 45,   8), ( 45,   0), ( 45,   2), ( 45,   6), ( 45,  15), ( 45,   4), ( 45,  19), ( 45,   0), ( 45,   1), ( 45,   4), 
( 46,   6), ( 46,   1), ( 46,   0), ( 46,  15), ( 46,   8), ( 46,   5), ( 46,  16), ( 46,  11), ( 46,   3), ( 46,   7), 
( 47,   5), ( 47,   2), ( 47,  19), ( 47,  12), ( 47,   7), ( 47,   3), ( 47,  12), ( 47,   3), ( 47,   0), ( 47,   7), 
( 48,   4), ( 48,   6), ( 48,   9), ( 48,  11), ( 48,   8), ( 48,   9), ( 48,   3), ( 48,  16), ( 48,  13), ( 48,   6), 
( 49,   7), ( 49,   5), ( 49,  16), ( 49,   4), ( 49,  16), ( 49,   0), ( 49,  14), ( 49,   8), ( 49,   9), ( 49,  12), 
( 50,   4), ( 50,   4), ( 50,   1), ( 50,  15), ( 50,   1), ( 50,   7), ( 50,   6), ( 50,   2), ( 50,  18), ( 50,  12), 
( 51,   5), ( 51,   0), ( 51,   3), ( 51,  18), ( 51,   4), ( 51,  10), ( 51,   7), ( 51,   2), ( 51,   9), ( 51,  18), 
( 52,  13), ( 52,   3), ( 52,  10), ( 52,  19), ( 52,  16), ( 52,   2), ( 52,   8), ( 52,   4), ( 52,   0), ( 52,   7), 
( 53,  16), ( 53,  12), ( 53,  11), ( 53,  14), ( 53,  12), ( 53,   8), ( 53,  17), ( 53,  19), ( 53,   2), ( 53,   6), 
( 54,   3), ( 54,  16), ( 54,   7), ( 54,   9), ( 54,   2), ( 54,   6), ( 54,   1), ( 54,  17), ( 54,  19), ( 54,   6), 
( 55,  11), ( 55,   8), ( 55,   7), ( 55,   0), ( 55,  17), ( 55,  16), ( 55,   7), ( 55,  14), ( 55,   6), ( 55,   7), 
( 56,   9), ( 56,   1), ( 56,  13), ( 56,  12), ( 56,   9), ( 56,   8), ( 56,  19), ( 56,  18), ( 56,  11), ( 56,   0), 
( 57,  10), ( 57,   1), ( 57,  14), ( 57,  10), ( 57,   7), ( 57,   8), ( 57,   8), ( 57,   9), ( 57,   4), ( 57,   1), 
( 58,   7), ( 58,   3), ( 58,  16), ( 58,  12), ( 58,  14), ( 58,   7), ( 58,  16), ( 58,   6), ( 58,   9), ( 58,  12), 
( 59,  18), ( 59,  17), ( 59,  15), ( 59,  18), ( 59,   8), ( 59,  12), ( 59,   9), ( 59,  10), ( 59,   1), ( 59,   8), 
( 60,   2), ( 60,  11), ( 60,   6), ( 60,   1), ( 60,   8), ( 60,  11), ( 60,  12), ( 60,   3), ( 60,  18), ( 60,   3), 
( 61,  14), ( 61,   8), ( 61,  12), ( 61,  13), ( 61,  13), ( 61,   0), ( 61,   3), ( 61,   7), ( 61,  11), ( 61,  14), 
( 62,   1), ( 62,   1), ( 62,  10), ( 62,  18), ( 62,  15), ( 62,  19), ( 62,  14), ( 62,   0), ( 62,   9), ( 62,  13), 
( 63,  13), ( 63,  16), ( 63,  11), ( 63,   3), ( 63,  19), ( 63,  11), ( 63,   1), ( 63,   2), ( 63,   9), ( 63,   8), 
( 64,  16), ( 64,  13), ( 64,  13), ( 64,   7), ( 64,  10), ( 64,   3), ( 64,   8), ( 64,  14), ( 64,  18), ( 64,   5), 
( 65,   2), ( 65,   1), ( 65,  12), ( 65,   4), ( 65,  19), ( 65,  14), ( 65,   0), ( 65,  16), ( 65,   9), ( 65,  12), 
( 66,  14), ( 66,  16), ( 66,  18), ( 66,  17), ( 66,  10), ( 66,   0), ( 66,   3), ( 66,  12), ( 66,   0), ( 66,  16), 
( 67,   9), ( 67,   4), ( 67,  17), ( 67,  18), ( 67,  15), ( 67,  14), ( 67,   8), ( 67,  17), ( 67,  11), ( 67,  12), 
( 68,  15), ( 68,   0), ( 68,   6), ( 68,  17), ( 68,  18), ( 68,   6), ( 68,  18), ( 68,  16), ( 68,  12), ( 68,   8), 
( 69,  19), ( 69,   8), ( 69,   8), ( 69,  16), ( 69,  17), ( 69,  15), ( 69,   6), ( 69,   3), ( 69,   8), ( 69,   2), 
( 70,   6), ( 70,  16), ( 70,   5), ( 70,   3), ( 70,  10), ( 70,  10), ( 70,  15), ( 70,   8), ( 70,   3), ( 70,  16), 
( 71,   5), ( 71,  19), ( 71,   1), ( 71,   5), ( 71,  14), ( 71,  19), ( 71,   6), ( 71,   2), ( 71,  18), ( 71,  10), 
( 72,   8), ( 72,   7), ( 72,  19), ( 72,  16), ( 72,   6), ( 72,  12), ( 72,  15), ( 72,   5), ( 72,   4), ( 72,  12), 
( 73,   5), ( 73,   2), ( 73,  15), ( 73,  18), ( 73,   2), ( 73,   2), ( 73,  11), ( 73,   6), ( 73,   5), ( 73,   7), 
( 74,   7), ( 74,  19), ( 74,  18), ( 74,  11), ( 74,   1), ( 74,  15), ( 74,   6), ( 74,   7), ( 74,   9), ( 74,   9), 
( 75,  15), ( 75,  15), ( 75,  11), ( 75,   2), ( 75,  10), ( 75,  12), ( 75,  10), ( 75,   0), ( 75,   1), ( 75,   9), 
( 76,   0), ( 76,   9), ( 76,  10), ( 76,  12), ( 76,   2), ( 76,  19), ( 76,   1), ( 76,   3), ( 76,  19), ( 76,  18), 
( 77,  18), ( 77,   2), ( 77,  15), ( 77,  11), ( 77,  14), ( 77,  16), ( 77,   2), ( 77,   7), ( 77,  10), ( 77,   5), 
( 78,  19), ( 78,  18), ( 78,   9), ( 78,   6), ( 78,  15), ( 78,   0), ( 78,  18), ( 78,   3), ( 78,   9), ( 78,  13), 
( 79,   2), ( 79,  18), ( 79,   9), ( 79,   9), ( 79,  15), ( 79,   0), ( 79,  17), ( 79,   2), ( 79,  13), ( 79,   7), 
( 80,   3), ( 80,  13), ( 80,   0), ( 80,   9), ( 80,   8), ( 80,   3), ( 80,  13), ( 80,   2), ( 80,   9), ( 80,  12), 
( 81,  14), ( 81,   5), ( 81,   4), ( 81,  13), ( 81,   1), ( 81,  17), ( 81,   5), ( 81,   6), ( 81,   9), ( 81,  15), 
( 82,  10), ( 82,  14), ( 82,   2), ( 82,   7), ( 82,  16), ( 82,   5), ( 82,  12), ( 82,   2), ( 82,   5), ( 82,   8), 
( 83,   2), ( 83,  18), ( 83,  15), ( 83,  11), ( 83,   9), ( 83,   3), ( 83,   2), ( 83,   8), ( 83,   8), ( 83,   5), 
( 84,   6), ( 84,   2), ( 84,   7), ( 84,  15), ( 84,  19), ( 84,  19), ( 84,  17), ( 84,  14), ( 84,   0), ( 84,  11), 
( 85,   6), ( 85,   3), ( 85,  11), ( 85,   4), ( 85,  13), ( 85,   1), ( 85,   9), ( 85,  16), ( 85,   2), ( 85,  17), 
( 86,  17), ( 86,  16), ( 86,   4), ( 86,  11), ( 86,  10), ( 86,   1), ( 86,   0), ( 86,  18), ( 86,   1), ( 86,  17), 
( 87,  14), ( 87,   9), ( 87,   5), ( 87,  14), ( 87,  15), ( 87,  11), ( 87,   1), ( 87,   4), ( 87,   7), ( 87,   3), 
( 88,  18), ( 88,   7), ( 88,   9), ( 88,  14), ( 88,  17), ( 88,   2), ( 88,  15), ( 88,  13), ( 88,  11), ( 88,  15), 
( 89,  16), ( 89,   3), ( 89,  11), ( 89,  19), ( 89,   4), ( 89,   8), ( 89,  17), ( 89,  10), ( 89,   9), ( 89,  12), 
( 90,   0), ( 90,  14), ( 90,  14), ( 90,   2), ( 90,   9), ( 90,   0), ( 90,  12), ( 90,   8), ( 90,   5), ( 90,   6), 
( 91,   6), ( 91,  18), ( 91,   4), ( 91,   7), ( 91,  14), ( 91,   2), ( 91,  19), ( 91,  17), ( 91,   5), ( 91,   5), 
( 92,   0), ( 92,  12), ( 92,  10), ( 92,   7), ( 92,  16), ( 92,  12), ( 92,   8), ( 92,  16), ( 92,  16), ( 92,   3), 
( 93,   4), ( 93,  19), ( 93,   4), ( 93,   8), ( 93,   3), ( 93,  16), ( 93,   7), ( 93,   2), ( 93,  14), ( 93,   4), 
( 94,   5), ( 94,   8), ( 94,  18), ( 94,  12), ( 94,   6), ( 94,  10), ( 94,  17), ( 94,   9), ( 94,  14), ( 94,  16), 
( 95,  13), ( 95,  10), ( 95,  13), ( 95,   3), ( 95,  16), ( 95,   9), ( 95,   0), ( 95,   7), ( 95,  18), ( 95,   7), 
( 96,   7), ( 96,  15), ( 96,  10), ( 96,   1), ( 96,   0), ( 96,   2), ( 96,  18), ( 96,  14), ( 96,  11), ( 96,   6), 
( 97,  19), ( 97,   2), ( 97,  11), ( 97,   7), ( 97,  16), ( 97,   9), ( 97,  19), ( 97,   1), ( 97,  19), ( 97,   0), 
( 98,   2), ( 98,   8), ( 98,   1), ( 98,  12), ( 98,   1), ( 98,  15), ( 98,  11), ( 98,   4), ( 98,  10), ( 98,   1), 
( 99,  13), ( 99,   0), ( 99,   9), ( 99,   6), ( 99,  14), ( 99,  12), ( 99,   5), ( 99,  13), ( 99,  12), ( 99,   2)

Running: High Quick-Sort
Finished in 140us

Running: Median Quick-Sort
Finished in 137us

Running: Better Bubble-Sort
Finished in 112us

Median time for: High Quick-Sort is 0us
Median time for: Median Quick-Sort is 0us
Median time for: Better Bubble-Sort is 0us
Running: High Quick-Sort
Finished in 135us

Running: Median Quick-Sort
Finished in 134us

Running: Better Bubble-Sort
Finished in 111us

Median time for: High Quick-Sort is 0us
Median time for: Median Quick-Sort is 0us
Median time for: Better Bubble-Sort is 0us
Running: High Quick-Sort
Finished in 134us

Running: Median Quick-Sort
Finished in 134us

Running: Better Bubble-Sort
Finished in 110us

Median time for: High Quick-Sort is 134us
Median time for: Median Quick-Sort is 134us
Median time for: Better Bubble-Sort is 110us
Running: High Quick-Sort
Finished in 151us

Running: Median Quick-Sort
Finished in 135us

Running: Better Bubble-Sort
Finished in 111us

Median time for: High Quick-Sort is 135us
Median time for: Median Quick-Sort is 134us
Median time for: Better Bubble-Sort is 111us
Running: High Quick-Sort
Finished in 140us

Running: Median Quick-Sort
Finished in 125us

Running: Better Bubble-Sort
Finished in 106us

Median time for: High Quick-Sort is 140us
Median time for: Median Quick-Sort is 134us
Median time for: Better Bubble-Sort is 111us
