Using variation 10
Reading 1000 pairs.......... done!
Run list:
(  2,   0), (  1,   0), (  4,   0), (  3,   0), (  6,   0), (  5,   0), (  8,   0), (  7,   0), ( 10,   0), (  9,   0), 
( 12,   0), ( 11,   0), ( 14,   0), ( 13,   0), ( 16,   0), ( 15,   0), ( 18,   0), ( 17,   0), ( 20,   0), ( 19,   0), 
( 22,   0), ( 21,   0), ( 24,   0), ( 23,   0), ( 26,   0), ( 25,   0), ( 28,   0), ( 27,   0), ( 30,   0), ( 29,   0), 
( 32,   0), ( 31,   0), ( 34,   0), ( 33,   0), ( 36,   0), ( 35,   0), ( 38,   0), ( 37,   0), ( 40,   0), ( 39,   0), 
( 42,   0), ( 41,   0), ( 44,   0), ( 43,   0), ( 46,   0), ( 45,   0), ( 48,   0), ( 47,   0), ( 50,   0), ( 49,   0), 
( 52,   0), ( 51,   0), ( 54,   0), ( 53,   0), ( 56,   0), ( 55,   0), ( 58,   0), ( 57,   0), ( 60,   0), ( 59,   0), 
( 62,   0), ( 61,   0), ( 64,   0), ( 63,   0), ( 66,   0), ( 65,   0), ( 68,   0), ( 67,   0), ( 70,   0), ( 69,   0), 
( 72,   0), ( 71,   0), ( 74,   0), ( 73,   0), ( 76,   0), ( 75,   0), ( 78,   0), ( 77,   0), ( 80,   0), ( 79,   0), 
( 82,   0), ( 81,   0), ( 84,   0), ( 83,   0), ( 86,   0), ( 85,   0), ( 88,   0), ( 87,   0), ( 90,   0), ( 89,   0), 
( 92,   0), ( 91,   0), ( 94,   0), ( 93,   0), ( 96,   0), ( 95,   0), ( 98,   0), ( 97,   0), (100,   0), ( 99,   0), 
(102,   0), (101,   0), (104,   0), (103,   0), (106,   0), (105,   0), (108,   0), (107,   0), (110,   0), (109,   0), 
(112,   0), (111,   0), (114,   0), (113,   0), (116,   0), (115,   0), (118,   0), (117,   0), (120,   0), (119,   0), 
(122,   0), (121,   0), (124,   0), (123,   0), (126,   0), (125,   0), (128,   0), (127,   0), (130,   0), (129,   0), 
(132,   0), (131,   0), (134,   0), (133,   0), (136,   0), (135,   0), (138,   0), (137,   0), (140,   0), (139,   0), 
(142,   0), (141,   0), (144,   0), (143,   0), (146,   0), (145,   0), (148,   0), (147,   0), (150,   0), (149,   0), 
(152,   0), (151,   0), (154,   0), (153,   0), (156,   0), (155,   0), (158,   0), (157,   0), (160,   0), (159,   0), 
(162,   0), (161,   0), (164,   0), (163,   0), (166,   0), (165,   0), (168,   0), (167,   0), (170,   0), (169,   0), 
(172,   0), (171,   0), (174,   0), (173,   0), (176,   0), (175,   0), (178,   0), (177,   0), (180,   0), (179,   0), 
(182,   0), (181,   0), (184,   0), (183,   0), (186,   0), (185,   0), (188,   0), (187,   0), (190,   0), (189,   0), 
(192,   0), (191,   0), (194,   0), (193,   0), (196,   0), (195,   0), (198,   0), (197,   0), (200,   0), (199,   0), 
(202,   0), (201,   0), (204,   0), (203,   0), (206,   0), (205,   0), (208,   0), (207,   0), (210,   0), (209,   0), 
(212,   0), (211,   0), (214,   0), (213,   0), (216,   0), (215,   0), (218,   0), (217,   0), (220,   0), (219,   0), 
(222,   0), (221,   0), (224,   0), (223,   0), (226,   0), (225,   0), (228,   0), (227,   0), (230,   0), (229,   0), 
(232,   0), (231,   0), (234,   0), (233,   0), (236,   0), (235,   0), (238,   0), (237,   0), (240,   0), (239,   0), 
(242,   0), (241,   0), (244,   0), (243,   0), (246,   0), (245,   0), (248,   0), (247,   0), (250,   0), (249,   0), 
(252,   0), (251,   0), (254,   0), (253,   0), (256,   0), (255,   0), (258,   0), (257,   0), (260,   0), (259,   0), 
(262,   0), (261,   0), (264,   0), (263,   0), (266,   0), (265,   0), (268,   0), (267,   0), (270,   0), (269,   0), 
(272,   0), (271,   0), (274,   0), (273,   0), (276,   0), (275,   0), (278,   0), (277,   0), (280,   0), (279,   0), 
(282,   0), (281,   0), (284,   0), (283,   0), (286,   0), (285,   0), (288,   0), (287,   0), (290,   0), (289,   0), 
(292,   0), (291,   0), (294,   0), (293,   0), (296,   0), (295,   0), (298,   0), (297,   0), (300,   0), (299,   0), 
(302,   0), (301,   0), (304,   0), (303,   0), (306,   0), (305,   0), (308,   0), (307,   0), (310,   0), (309,   0), 
(312,   0), (311,   0), (314,   0), (313,   0), (316,   0), (315,   0), (318,   0), (317,   0), (320,   0), (319,   0), 
(322,   0), (321,   0), (324,   0), (323,   0), (326,   0), (325,   0), (328,   0), (327,   0), (330,   0), (329,   0), 
(332,   0), (331,   0), (334,   0), (333,   0), (336,   0), (335,   0), (338,   0), (337,   0), (340,   0), (339,   0), 
(342,   0), (341,   0), (344,   0), (343,   0), (346,   0), (345,   0), (348,   0), (347,   0), (350,   0), (349,   0), 
(352,   0), (351,   0), (354,   0), (353,   0), (356,   0), (355,   0), (358,   0), (357,   0), (360,   0), (359,   0), 
(362,   0), (361,   0), (364,   0), (363,   0), (366,   0), (365,   0), (368,   0), (367,   0), (370,   0), (369,   0), 
(372,   0), (371,   0), (374,   0), (373,   0), (376,   0), (375,   0), (378,   0), (377,   0), (380,   0), (379,   0), 
(382,   0), (381,   0), (384,   0), (383,   0), (386,   0), (385,   0), (388,   0), (387,   0), (390,   0), (389,   0), 
(392,   0), (391,   0), (394,   0), (393,   0), (396,   0), (395,   0), (398,   0), (397,   0), (400,   0), (399,   0), 
(402,   0), (401,   0), (404,   0), (403,   0), (406,   0), (405,   0), (408,   0), (407,   0), (410,   0), (409,   0), 
(412,   0), (411,   0), (414,   0), (413,   0), (416,   0), (415,   0), (418,   0), (417,   0), (420,   0), (419,   0), 
(422,   0), (421,   0), (424,   0), (423,   0), (426,   0), (425,   0), (428,   0), (427,   0), (430,   0), (429,   0), 
(432,   0), (431,   0), (434,   0), (433,   0), (436,   0), (435,   0), (438,   0), (437,   0), (440,   0), (439,   0), 
(442,   0), (441,   0), (444,   0), (443,   0), (446,   0), (445,   0), (448,   0), (447,   0), (450,   0), (449,   0), 
(452,   0), (451,   0), (454,   0), (453,   0), (456,   0), (455,   0), (458,   0), (457,   0), (460,   0), (459,   0), 
(462,   0), (461,   0), (464,   0), (463,   0), (466,   0), (465,   0), (468,   0), (467,   0), (470,   0), (469,   0), 
(472,   0), (471,   0), (474,   0), (473,   0), (476,   0), (475,   0), (478,   0), (477,   0), (480,   0), (479,   0), 
(482,   0), (481,   0), (484,   0), (483,   0), (486,   0), (485,   0), (488,   0), (487,   0), (490,   0), (489,   0), 
(492,   0), (491,   0), (494,   0), (493,   0), (496,   0), (495,   0), (498,   0), (497,   0), (500,   0), (499,   0), 
(502,   0), (501,   0), (504,   0), (503,   0), (506,   0), (505,   0), (508,   0), (507,   0), (510,   0), (509,   0), 
(512,   0), (511,   0), (514,   0), (513,   0), (516,   0), (515,   0), (518,   0), (517,   0), (520,   0), (519,   0), 
(522,   0), (521,   0), (524,   0), (523,   0), (526,   0), (525,   0), (528,   0), (527,   0), (530,   0), (529,   0), 
(532,   0), (531,   0), (534,   0), (533,   0), (536,   0), (535,   0), (538,   0), (537,   0), (540,   0), (539,   0), 
(542,   0), (541,   0), (544,   0), (543,   0), (546,   0), (545,   0), (548,   0), (547,   0), (550,   0), (549,   0), 
(552,   0), (551,   0), (554,   0), (553,   0), (556,   0), (555,   0), (558,   0), (557,   0), (560,   0), (559,   0), 
(562,   0), (561,   0), (564,   0), (563,   0), (566,   0), (565,   0), (568,   0), (567,   0), (570,   0), (569,   0), 
(572,   0), (571,   0), (574,   0), (573,   0), (576,   0), (575,   0), (578,   0), (577,   0), (580,   0), (579,   0), 
(582,   0), (581,   0), (584,   0), (583,   0), (586,   0), (585,   0), (588,   0), (587,   0), (590,   0), (589,   0), 
(592,   0), (591,   0), (594,   0), (593,   0), (596,   0), (595,   0), (598,   0), (597,   0), (600,   0), (599,   0), 
(602,   0), (601,   0), (604,   0), (603,   0), (606,   0), (605,   0), (608,   0), (607,   0), (610,   0), (609,   0), 
(612,   0), (611,   0), (614,   0), (613,   0), (616,   0), (615,   0), (618,   0), (617,   0), (620,   0), (619,   0), 
(622,   0), (621,   0), (624,   0), (623,   0), (626,   0), (625,   0), (628,   0), (627,   0), (630,   0), (629,   0), 
(632,   0), (631,   0), (634,   0), (633,   0), (636,   0), (635,   0), (638,   0), (637,   0), (640,   0), (639,   0), 
(642,   0), (641,   0), (644,   0), (643,   0), (646,   0), (645,   0), (648,   0), (647,   0), (650,   0), (649,   0), 
(652,   0), (651,   0), (654,   0), (653,   0), (656,   0), (655,   0), (658,   0), (657,   0), (660,   0), (659,   0), 
(662,   0), (661,   0), (664,   0), (663,   0), (666,   0), (665,   0), (668,   0), (667,   0), (670,   0), (669,   0), 
(672,   0), (671,   0), (674,   0), (673,   0), (676,   0), (675,   0), (678,   0), (677,   0), (680,   0), (679,   0), 
(682,   0), (681,   0), (684,   0), (683,   0), (686,   0), (685,   0), (688,   0), (687,   0), (690,   0), (689,   0), 
(692,   0), (691,   0), (694,   0), (693,   0), (696,   0), (695,   0), (698,   0), (697,   0), (700,   0), (699,   0), 
(702,   0), (701,   0), (704,   0), (703,   0), (706,   0), (705,   0), (708,   0), (707,   0), (710,   0), (709,   0), 
(712,   0), (711,   0), (714,   0), (713,   0), (716,   0), (715,   0), (718,   0), (717,   0), (720,   0), (719,   0), 
(722,   0), (721,   0), (724,   0), (723,   0), (726,   0), (725,   0), (728,   0), (727,   0), (730,   0), (729,   0), 
(732,   0), (731,   0), (734,   0), (733,   0), (736,   0), (735,   0), (738,   0), (737,   0), (740,   0), (739,   0), 
(742,   0), (741,   0), (744,   0), (743,   0), (746,   0), (745,   0), (748,   0), (747,   0), (750,   0), (749,   0), 
(752,   0), (751,   0), (754,   0), (753,   0), (756,   0), (755,   0), (758,   0), (757,   0), (760,   0), (759,   0), 
(762,   0), (761,   0), (764,   0), (763,   0), (766,   0), (765,   0), (768,   0), (767,   0), (770,   0), (769,   0), 
(772,   0), (771,   0), (774,   0), (773,   0), (776,   0), (775,   0), (778,   0), (777,   0), (780,   0), (779,   0), 
(782,   0), (781,   0), (784,   0), (783,   0), (786,   0), (785,   0), (788,   0), (787,   0), (790,   0), (789,   0), 
(792,   0), (791,   0), (794,   0), (793,   0), (796,   0), (795,   0), (798,   0), (797,   0), (800,   0), (799,   0), 
(802,   0), (801,   0), (804,   0), (803,   0), (806,   0), (805,   0), (808,   0), (807,   0), (810,   0), (809,   0), 
(812,   0), (811,   0), (814,   0), (813,   0), (816,   0), (815,   0), (818,   0), (817,   0), (820,   0), (819,   0), 
(822,   0), (821,   0), (824,   0), (823,   0), (826,   0), (825,   0), (828,   0), (827,   0), (830,   0), (829,   0), 
(832,   0), (831,   0), (834,   0), (833,   0), (836,   0), (835,   0), (838,   0), (837,   0), (840,   0), (839,   0), 
(842,   0), (841,   0), (844,   0), (843,   0), (846,   0), (845,   0), (848,   0), (847,   0), (850,   0), (849,   0), 
(852,   0), (851,   0), (854,   0), (853,   0), (856,   0), (855,   0), (858,   0), (857,   0), (860,   0), (859,   0), 
(862,   0), (861,   0), (864,   0), (863,   0), (866,   0), (865,   0), (868,   0), (867,   0), (870,   0), (869,   0), 
(872,   0), (871,   0), (874,   0), (873,   0), (876,   0), (875,   0), (878,   0), (877,   0), (880,   0), (879,   0), 
(882,   0), (881,   0), (884,   0), (883,   0), (886,   0), (885,   0), (888,   0), (887,   0), (890,   0), (889,   0), 
(892,   0), (891,   0), (894,   0), (893,   0), (896,   0), (895,   0), (898,   0), (897,   0), (900,   0), (899,   0), 
(902,   0), (901,   0), (904,   0), (903,   0), (906,   0), (905,   0), (908,   0), (907,   0), (910,   0), (909,   0), 
(912,   0), (911,   0), (914,   0), (913,   0), (916,   0), (915,   0), (918,   0), (917,   0), (920,   0), (919,   0), 
(922,   0), (921,   0), (924,   0), (923,   0), (926,   0), (925,   0), (928,   0), (927,   0), (930,   0), (929,   0), 
(932,   0), (931,   0), (934,   0), (933,   0), (936,   0), (935,   0), (938,   0), (937,   0), (940,   0), (939,   0), 
(942,   0), (941,   0), (944,   0), (943,   0), (946,   0), (945,   0), (948,   0), (947,   0), (950,   0), (949,   0), 
(952,   0), (951,   0), (954,   0), (953,   0), (956,   0), (955,   0), (958,   0), (957,   0), (960,   0), (959,   0), 
(962,   0), (961,   0), (964,   0), (963,   0), (966,   0), (965,   0), (968,   0), (967,   0), (970,   0), (969,   0), 
(972,   0), (971,   0), (974,   0), (973,   0), (976,   0), (975,   0), (978,   0), (977,   0), (980,   0), (979,   0), 
(982,   0), (981,   0), (984,   0), (983,   0), (986,   0), (985,   0), (988,   0), (987,   0), (990,   0), (989,   0), 
(992,   0), (991,   0), (994,   0), (993,   0), (996,   0), (995,   0), (998,   0), (997,   0), (1000,   0), (999,   0)

Running: Insertion-Sort
Finished in 60us

Running: Selection-Sort
Finished in 6438us

Running: Merge-Sort
Finished in 364us

Running: Quick-Sort
Finished in 2385us

Running: Heap-Sort
Finished in 342us

Running: Bubble-Sort
Finished in 16us

Median time for: Insertion-Sort is 0us
Median time for: Selection-Sort is 0us
Median time for: Merge-Sort is 0us
Median time for: Quick-Sort is 0us
Median time for: Heap-Sort is 0us
Median time for: Bubble-Sort is 0us
Running: Insertion-Sort
Finished in 20us

Running: Selection-Sort
Finished in 2608us

Running: Merge-Sort
Finished in 196us

Running: Quick-Sort
Finished in 1081us

Running: Heap-Sort
Finished in 325us

Running: Bubble-Sort
Finished in 15us

Median time for: Insertion-Sort is 0us
Median time for: Selection-Sort is 0us
Median time for: Merge-Sort is 0us
Median time for: Quick-Sort is 0us
Median time for: Heap-Sort is 0us
Median time for: Bubble-Sort is 0us
Running: Insertion-Sort
Finished in 19us

Running: Selection-Sort
Finished in 2543us

Running: Merge-Sort
Finished in 196us

Running: Quick-Sort
Finished in 1079us

Running: Heap-Sort
Finished in 325us

Running: Bubble-Sort
Finished in 15us

Median time for: Insertion-Sort is 19us
Median time for: Selection-Sort is 2543us
Median time for: Merge-Sort is 196us
Median time for: Quick-Sort is 1079us
Median time for: Heap-Sort is 325us
Median time for: Bubble-Sort is 15us
Running: Insertion-Sort
Finished in 19us

Running: Selection-Sort
Finished in 2520us

Running: Merge-Sort
Finished in 215us

Running: Quick-Sort
Finished in 1165us

Running: Heap-Sort
Finished in 336us

Running: Bubble-Sort
Finished in 16us

Median time for: Insertion-Sort is 19us
Median time for: Selection-Sort is 2543us
Median time for: Merge-Sort is 196us
Median time for: Quick-Sort is 1081us
Median time for: Heap-Sort is 325us
Median time for: Bubble-Sort is 15us
Running: Insertion-Sort
Finished in 20us

Running: Selection-Sort
Finished in 2602us

Running: Merge-Sort
Finished in 195us

Running: Quick-Sort
Finished in 1057us

Running: Heap-Sort
Finished in 324us

Running: Bubble-Sort
Finished in 15us

Median time for: Insertion-Sort is 20us
Median time for: Selection-Sort is 2602us
Median time for: Merge-Sort is 196us
Median time for: Quick-Sort is 1081us
Median time for: Heap-Sort is 325us
Median time for: Bubble-Sort is 15us
Using variation 10
Reading 1000 pairs.......... done!
Run list:
(  2,   0), (  1,   0), (  4,   0), (  3,   0), (  6,   0), (  5,   0), (  8,   0), (  7,   0), ( 10,   0), (  9,   0), 
( 12,   0), ( 11,   0), ( 14,   0), ( 13,   0), ( 16,   0), ( 15,   0), ( 18,   0), ( 17,   0), ( 20,   0), ( 19,   0), 
( 22,   0), ( 21,   0), ( 24,   0), ( 23,   0), ( 26,   0), ( 25,   0), ( 28,   0), ( 27,   0), ( 30,   0), ( 29,   0), 
( 32,   0), ( 31,   0), ( 34,   0), ( 33,   0), ( 36,   0), ( 35,   0), ( 38,   0), ( 37,   0), ( 40,   0), ( 39,   0), 
( 42,   0), ( 41,   0), ( 44,   0), ( 43,   0), ( 46,   0), ( 45,   0), ( 48,   0), ( 47,   0), ( 50,   0), ( 49,   0), 
( 52,   0), ( 51,   0), ( 54,   0), ( 53,   0), ( 56,   0), ( 55,   0), ( 58,   0), ( 57,   0), ( 60,   0), ( 59,   0), 
( 62,   0), ( 61,   0), ( 64,   0), ( 63,   0), ( 66,   0), ( 65,   0), ( 68,   0), ( 67,   0), ( 70,   0), ( 69,   0), 
( 72,   0), ( 71,   0), ( 74,   0), ( 73,   0), ( 76,   0), ( 75,   0), ( 78,   0), ( 77,   0), ( 80,   0), ( 79,   0), 
( 82,   0), ( 81,   0), ( 84,   0), ( 83,   0), ( 86,   0), ( 85,   0), ( 88,   0), ( 87,   0), ( 90,   0), ( 89,   0), 
( 92,   0), ( 91,   0), ( 94,   0), ( 93,   0), ( 96,   0), ( 95,   0), ( 98,   0), ( 97,   0), (100,   0), ( 99,   0), 
(102,   0), (101,   0), (104,   0), (103,   0), (106,   0), (105,   0), (108,   0), (107,   0), (110,   0), (109,   0), 
(112,   0), (111,   0), (114,   0), (113,   0), (116,   0), (115,   0), (118,   0), (117,   0), (120,   0), (119,   0), 
(122,   0), (121,   0), (124,   0), (123,   0), (126,   0), (125,   0), (128,   0), (127,   0), (130,   0), (129,   0), 
(132,   0), (131,   0), (134,   0), (133,   0), (136,   0), (135,   0), (138,   0), (137,   0), (140,   0), (139,   0), 
(142,   0), (141,   0), (144,   0), (143,   0), (146,   0), (145,   0), (148,   0), (147,   0), (150,   0), (149,   0), 
(152,   0), (151,   0), (154,   0), (153,   0), (156,   0), (155,   0), (158,   0), (157,   0), (160,   0), (159,   0), 
(162,   0), (161,   0), (164,   0), (163,   0), (166,   0), (165,   0), (168,   0), (167,   0), (170,   0), (169,   0), 
(172,   0), (171,   0), (174,   0), (173,   0), (176,   0), (175,   0), (178,   0), (177,   0), (180,   0), (179,   0), 
(182,   0), (181,   0), (184,   0), (183,   0), (186,   0), (185,   0), (188,   0), (187,   0), (190,   0), (189,   0), 
(192,   0), (191,   0), (194,   0), (193,   0), (196,   0), (195,   0), (198,   0), (197,   0), (200,   0), (199,   0), 
(202,   0), (201,   0), (204,   0), (203,   0), (206,   0), (205,   0), (208,   0), (207,   0), (210,   0), (209,   0), 
(212,   0), (211,   0), (214,   0), (213,   0), (216,   0), (215,   0), (218,   0), (217,   0), (220,   0), (219,   0), 
(222,   0), (221,   0), (224,   0), (223,   0), (226,   0), (225,   0), (228,   0), (227,   0), (230,   0), (229,   0), 
(232,   0), (231,   0), (234,   0), (233,   0), (236,   0), (235,   0), (238,   0), (237,   0), (240,   0), (239,   0), 
(242,   0), (241,   0), (244,   0), (243,   0), (246,   0), (245,   0), (248,   0), (247,   0), (250,   0), (249,   0), 
(252,   0), (251,   0), (254,   0), (253,   0), (256,   0), (255,   0), (258,   0), (257,   0), (260,   0), (259,   0), 
(262,   0), (261,   0), (264,   0), (263,   0), (266,   0), (265,   0), (268,   0), (267,   0), (270,   0), (269,   0), 
(272,   0), (271,   0), (274,   0), (273,   0), (276,   0), (275,   0), (278,   0), (277,   0), (280,   0), (279,   0), 
(282,   0), (281,   0), (284,   0), (283,   0), (286,   0), (285,   0), (288,   0), (287,   0), (290,   0), (289,   0), 
(292,   0), (291,   0), (294,   0), (293,   0), (296,   0), (295,   0), (298,   0), (297,   0), (300,   0), (299,   0), 
(302,   0), (301,   0), (304,   0), (303,   0), (306,   0), (305,   0), (308,   0), (307,   0), (310,   0), (309,   0), 
(312,   0), (311,   0), (314,   0), (313,   0), (316,   0), (315,   0), (318,   0), (317,   0), (320,   0), (319,   0), 
(322,   0), (321,   0), (324,   0), (323,   0), (326,   0), (325,   0), (328,   0), (327,   0), (330,   0), (329,   0), 
(332,   0), (331,   0), (334,   0), (333,   0), (336,   0), (335,   0), (338,   0), (337,   0), (340,   0), (339,   0), 
(342,   0), (341,   0), (344,   0), (343,   0), (346,   0), (345,   0), (348,   0), (347,   0), (350,   0), (349,   0), 
(352,   0), (351,   0), (354,   0), (353,   0), (356,   0), (355,   0), (358,   0), (357,   0), (360,   0), (359,   0), 
(362,   0), (361,   0), (364,   0), (363,   0), (366,   0), (365,   0), (368,   0), (367,   0), (370,   0), (369,   0), 
(372,   0), (371,   0), (374,   0), (373,   0), (376,   0), (375,   0), (378,   0), (377,   0), (380,   0), (379,   0), 
(382,   0), (381,   0), (384,   0), (383,   0), (386,   0), (385,   0), (388,   0), (387,   0), (390,   0), (389,   0), 
(392,   0), (391,   0), (394,   0), (393,   0), (396,   0), (395,   0), (398,   0), (397,   0), (400,   0), (399,   0), 
(402,   0), (401,   0), (404,   0), (403,   0), (406,   0), (405,   0), (408,   0), (407,   0), (410,   0), (409,   0), 
(412,   0), (411,   0), (414,   0), (413,   0), (416,   0), (415,   0), (418,   0), (417,   0), (420,   0), (419,   0), 
(422,   0), (421,   0), (424,   0), (423,   0), (426,   0), (425,   0), (428,   0), (427,   0), (430,   0), (429,   0), 
(432,   0), (431,   0), (434,   0), (433,   0), (436,   0), (435,   0), (438,   0), (437,   0), (440,   0), (439,   0), 
(442,   0), (441,   0), (444,   0), (443,   0), (446,   0), (445,   0), (448,   0), (447,   0), (450,   0), (449,   0), 
(452,   0), (451,   0), (454,   0), (453,   0), (456,   0), (455,   0), (458,   0), (457,   0), (460,   0), (459,   0), 
(462,   0), (461,   0), (464,   0), (463,   0), (466,   0), (465,   0), (468,   0), (467,   0), (470,   0), (469,   0), 
(472,   0), (471,   0), (474,   0), (473,   0), (476,   0), (475,   0), (478,   0), (477,   0), (480,   0), (479,   0), 
(482,   0), (481,   0), (484,   0), (483,   0), (486,   0), (485,   0), (488,   0), (487,   0), (490,   0), (489,   0), 
(492,   0), (491,   0), (494,   0), (493,   0), (496,   0), (495,   0), (498,   0), (497,   0), (500,   0), (499,   0), 
(502,   0), (501,   0), (504,   0), (503,   0), (506,   0), (505,   0), (508,   0), (507,   0), (510,   0), (509,   0), 
(512,   0), (511,   0), (514,   0), (513,   0), (516,   0), (515,   0), (518,   0), (517,   0), (520,   0), (519,   0), 
(522,   0), (521,   0), (524,   0), (523,   0), (526,   0), (525,   0), (528,   0), (527,   0), (530,   0), (529,   0), 
(532,   0), (531,   0), (534,   0), (533,   0), (536,   0), (535,   0), (538,   0), (537,   0), (540,   0), (539,   0), 
(542,   0), (541,   0), (544,   0), (543,   0), (546,   0), (545,   0), (548,   0), (547,   0), (550,   0), (549,   0), 
(552,   0), (551,   0), (554,   0), (553,   0), (556,   0), (555,   0), (558,   0), (557,   0), (560,   0), (559,   0), 
(562,   0), (561,   0), (564,   0), (563,   0), (566,   0), (565,   0), (568,   0), (567,   0), (570,   0), (569,   0), 
(572,   0), (571,   0), (574,   0), (573,   0), (576,   0), (575,   0), (578,   0), (577,   0), (580,   0), (579,   0), 
(582,   0), (581,   0), (584,   0), (583,   0), (586,   0), (585,   0), (588,   0), (587,   0), (590,   0), (589,   0), 
(592,   0), (591,   0), (594,   0), (593,   0), (596,   0), (595,   0), (598,   0), (597,   0), (600,   0), (599,   0), 
(602,   0), (601,   0), (604,   0), (603,   0), (606,   0), (605,   0), (608,   0), (607,   0), (610,   0), (609,   0), 
(612,   0), (611,   0), (614,   0), (613,   0), (616,   0), (615,   0), (618,   0), (617,   0), (620,   0), (619,   0), 
(622,   0), (621,   0), (624,   0), (623,   0), (626,   0), (625,   0), (628,   0), (627,   0), (630,   0), (629,   0), 
(632,   0), (631,   0), (634,   0), (633,   0), (636,   0), (635,   0), (638,   0), (637,   0), (640,   0), (639,   0), 
(642,   0), (641,   0), (644,   0), (643,   0), (646,   0), (645,   0), (648,   0), (647,   0), (650,   0), (649,   0), 
(652,   0), (651,   0), (654,   0), (653,   0), (656,   0), (655,   0), (658,   0), (657,   0), (660,   0), (659,   0), 
(662,   0), (661,   0), (664,   0), (663,   0), (666,   0), (665,   0), (668,   0), (667,   0), (670,   0), (669,   0), 
(672,   0), (671,   0), (674,   0), (673,   0), (676,   0), (675,   0), (678,   0), (677,   0), (680,   0), (679,   0), 
(682,   0), (681,   0), (684,   0), (683,   0), (686,   0), (685,   0), (688,   0), (687,   0), (690,   0), (689,   0), 
(692,   0), (691,   0), (694,   0), (693,   0), (696,   0), (695,   0), (698,   0), (697,   0), (700,   0), (699,   0), 
(702,   0), (701,   0), (704,   0), (703,   0), (706,   0), (705,   0), (708,   0), (707,   0), (710,   0), (709,   0), 
(712,   0), (711,   0), (714,   0), (713,   0), (716,   0), (715,   0), (718,   0), (717,   0), (720,   0), (719,   0), 
(722,   0), (721,   0), (724,   0), (723,   0), (726,   0), (725,   0), (728,   0), (727,   0), (730,   0), (729,   0), 
(732,   0), (731,   0), (734,   0), (733,   0), (736,   0), (735,   0), (738,   0), (737,   0), (740,   0), (739,   0), 
(742,   0), (741,   0), (744,   0), (743,   0), (746,   0), (745,   0), (748,   0), (747,   0), (750,   0), (749,   0), 
(752,   0), (751,   0), (754,   0), (753,   0), (756,   0), (755,   0), (758,   0), (757,   0), (760,   0), (759,   0), 
(762,   0), (761,   0), (764,   0), (763,   0), (766,   0), (765,   0), (768,   0), (767,   0), (770,   0), (769,   0), 
(772,   0), (771,   0), (774,   0), (773,   0), (776,   0), (775,   0), (778,   0), (777,   0), (780,   0), (779,   0), 
(782,   0), (781,   0), (784,   0), (783,   0), (786,   0), (785,   0), (788,   0), (787,   0), (790,   0), (789,   0), 
(792,   0), (791,   0), (794,   0), (793,   0), (796,   0), (795,   0), (798,   0), (797,   0), (800,   0), (799,   0), 
(802,   0), (801,   0), (804,   0), (803,   0), (806,   0), (805,   0), (808,   0), (807,   0), (810,   0), (809,   0), 
(812,   0), (811,   0), (814,   0), (813,   0), (816,   0), (815,   0), (818,   0), (817,   0), (820,   0), (819,   0), 
(822,   0), (821,   0), (824,   0), (823,   0), (826,   0), (825,   0), (828,   0), (827,   0), (830,   0), (829,   0), 
(832,   0), (831,   0), (834,   0), (833,   0), (836,   0), (835,   0), (838,   0), (837,   0), (840,   0), (839,   0), 
(842,   0), (841,   0), (844,   0), (843,   0), (846,   0), (845,   0), (848,   0), (847,   0), (850,   0), (849,   0), 
(852,   0), (851,   0), (854,   0), (853,   0), (856,   0), (855,   0), (858,   0), (857,   0), (860,   0), (859,   0), 
(862,   0), (861,   0), (864,   0), (863,   0), (866,   0), (865,   0), (868,   0), (867,   0), (870,   0), (869,   0), 
(872,   0), (871,   0), (874,   0), (873,   0), (876,   0), (875,   0), (878,   0), (877,   0), (880,   0), (879,   0), 
(882,   0), (881,   0), (884,   0), (883,   0), (886,   0), (885,   0), (888,   0), (887,   0), (890,   0), (889,   0), 
(892,   0), (891,   0), (894,   0), (893,   0), (896,   0), (895,   0), (898,   0), (897,   0), (900,   0), (899,   0), 
(902,   0), (901,   0), (904,   0), (903,   0), (906,   0), (905,   0), (908,   0), (907,   0), (910,   0), (909,   0), 
(912,   0), (911,   0), (914,   0), (913,   0), (916,   0), (915,   0), (918,   0), (917,   0), (920,   0), (919,   0), 
(922,   0), (921,   0), (924,   0), (923,   0), (926,   0), (925,   0), (928,   0), (927,   0), (930,   0), (929,   0), 
(932,   0), (931,   0), (934,   0), (933,   0), (936,   0), (935,   0), (938,   0), (937,   0), (940,   0), (939,   0), 
(942,   0), (941,   0), (944,   0), (943,   0), (946,   0), (945,   0), (948,   0), (947,   0), (950,   0), (949,   0), 
(952,   0), (951,   0), (954,   0), (953,   0), (956,   0), (955,   0), (958,   0), (957,   0), (960,   0), (959,   0), 
(962,   0), (961,   0), (964,   0), (963,   0), (966,   0), (965,   0), (968,   0), (967,   0), (970,   0), (969,   0), 
(972,   0), (971,   0), (974,   0), (973,   0), (976,   0), (975,   0), (978,   0), (977,   0), (980,   0), (979,   0), 
(982,   0), (981,   0), (984,   0), (983,   0), (986,   0), (985,   0), (988,   0), (987,   0), (990,   0), (989,   0), 
(992,   0), (991,   0), (994,   0), (993,   0), (996,   0), (995,   0), (998,   0), (997,   0), (1000,   0), (999,   0)

Running: Insertion-Sort
Finished in 20us

Running: Selection-Sort
Finished in 2587us

Running: Merge-Sort
Finished in 202us

Running: Quick-Sort
Finished in 1084us

Running: Heap-Sort
Finished in 323us

Running: Bubble-Sort
Finished in 15us

Median time for: Insertion-Sort is 0us
Median time for: Selection-Sort is 0us
Median time for: Merge-Sort is 0us
Median time for: Quick-Sort is 0us
Median time for: Heap-Sort is 0us
Median time for: Bubble-Sort is 0us
Running: Insertion-Sort
Finished in 19us

Running: Selection-Sort
Finished in 2521us

Running: Merge-Sort
Finished in 197us

Running: Quick-Sort
Finished in 1080us

Running: Heap-Sort
Finished in 340us

Running: Bubble-Sort
Finished in 16us

Median time for: Insertion-Sort is 0us
Median time for: Selection-Sort is 0us
Median time for: Merge-Sort is 0us
Median time for: Quick-Sort is 0us
Median time for: Heap-Sort is 0us
Median time for: Bubble-Sort is 0us
Running: Insertion-Sort
Finished in 20us

Running: Selection-Sort
Finished in 2576us

Running: Merge-Sort
Finished in 197us

Running: Quick-Sort
Finished in 1085us

Running: Heap-Sort
Finished in 325us

Running: Bubble-Sort
Finished in 15us

Median time for: Insertion-Sort is 19us
Median time for: Selection-Sort is 2521us
Median time for: Merge-Sort is 197us
Median time for: Quick-Sort is 1080us
Median time for: Heap-Sort is 323us
Median time for: Bubble-Sort is 15us
Running: Insertion-Sort
Finished in 19us

Running: Selection-Sort
Finished in 2530us

Running: Merge-Sort
Finished in 197us

Running: Quick-Sort
Finished in 1079us

Running: Heap-Sort
Finished in 324us

Running: Bubble-Sort
Finished in 15us

Median time for: Insertion-Sort is 19us
Median time for: Selection-Sort is 2530us
Median time for: Merge-Sort is 197us
Median time for: Quick-Sort is 1080us
Median time for: Heap-Sort is 324us
Median time for: Bubble-Sort is 15us
Running: Insertion-Sort
Finished in 19us

Running: Selection-Sort
Finished in 2549us

Running: Merge-Sort
Finished in 196us

Running: Quick-Sort
Finished in 1079us

Running: Heap-Sort
Finished in 325us

Running: Bubble-Sort
Finished in 15us

Median time for: Insertion-Sort is 19us
Median time for: Selection-Sort is 2549us
Median time for: Merge-Sort is 197us
Median time for: Quick-Sort is 1080us
Median time for: Heap-Sort is 325us
Median time for: Bubble-Sort is 15us
Using variation 16
Reading 1000 pairs.......... done!
Running: Insertion-Sort
Finished in 36us
additions,subtractions,multiplications,divisions,modulos,increments,decrements,assignments,ands,ors,comparissons,ternaries,boolean_checks,ifs,loops,calls,returns,passed_words,declarations_integer,array_references,declarations_boolean,declarations_points,declarations_array,declarations_array_length
1499,999,0,0,0,999,500,3497,1499,0,3998,0,0,0,2499,1,0,2,2,4497,0,1,0,0

Running: Selection-Sort
Finished in 4127us
additions,subtractions,multiplications,divisions,modulos,increments,decrements,assignments,ands,ors,comparissons,ternaries,boolean_checks,ifs,loops,calls,returns,passed_words,declarations_integer,array_references,declarations_boolean,declarations_points,declarations_array,declarations_array_length
999,1,0,0,0,500499,0,5496,0,0,1000999,0,0,499500,501499,1,0,2,3,1002996,0,999,0,0

Running: Merge-Sort
Finished in 347us
additions,subtractions,multiplications,divisions,modulos,increments,decrements,assignments,ands,ors,comparissons,ternaries,boolean_checks,ifs,loops,calls,returns,passed_words,declarations_integer,array_references,declarations_boolean,declarations_points,declarations_array,declarations_array_length
3996,10975,0,999,0,39904,0,24947,6287,0,37522,5288,0,1999,23948,2998,0,9993,3996,40504,0,0,999,9976

Running: Quick-Sort
Finished in 1935us
additions,subtractions,multiplications,divisions,modulos,increments,decrements,assignments,ands,ors,comparissons,ternaries,boolean_checks,ifs,loops,calls,returns,passed_words,declarations_integer,array_references,declarations_boolean,declarations_points,declarations_array,declarations_array_length
1000,500,0,0,0,250500,0,4500,0,0,501501,0,0,251001,250500,1501,500,4503,1500,254500,0,1500,0,0

Running: Heap-Sort
Finished in 545us
additions,subtractions,multiplications,divisions,modulos,increments,decrements,assignments,ands,ors,comparissons,ternaries,boolean_checks,ifs,loops,calls,returns,passed_words,declarations_integer,array_references,declarations_boolean,declarations_points,declarations_array,declarations_array_length
20522,1,20522,1,0,0,1500,64482,20522,0,52807,10261,0,20522,1502,10262,0,30785,30785,80084,0,9760,0,0

Running: Bubble-Sort
Finished in 27us
additions,subtractions,multiplications,divisions,modulos,increments,decrements,assignments,ands,ors,comparissons,ternaries,boolean_checks,ifs,loops,calls,returns,passed_words,declarations_integer,array_references,declarations_boolean,declarations_points,declarations_array,declarations_array_length
0,2498,0,0,0,1998,0,2005,0,0,2000,0,3,1998,2003,1,0,2,1,5996,1,500,0,0

Using variation 16
Reading 1000 pairs.......... done!
Running: Insertion-Sort
Finished in 36us
additions,subtractions,multiplications,divisions,modulos,increments,decrements,assignments,ands,ors,comparissons,ternaries,boolean_checks,ifs,loops,calls,returns,passed_words,declarations_integer,array_references,declarations_boolean,declarations_points,declarations_array,declarations_array_length
1499,999,0,0,0,999,500,3497,1499,0,3998,0,0,0,2499,1,0,2,2,4497,0,1,0,0

Running: Selection-Sort
Finished in 4115us
additions,subtractions,multiplications,divisions,modulos,increments,decrements,assignments,ands,ors,comparissons,ternaries,boolean_checks,ifs,loops,calls,returns,passed_words,declarations_integer,array_references,declarations_boolean,declarations_points,declarations_array,declarations_array_length
999,1,0,0,0,500499,0,5496,0,0,1000999,0,0,499500,501499,1,0,2,3,1002996,0,999,0,0

Running: Merge-Sort
Finished in 344us
additions,subtractions,multiplications,divisions,modulos,increments,decrements,assignments,ands,ors,comparissons,ternaries,boolean_checks,ifs,loops,calls,returns,passed_words,declarations_integer,array_references,declarations_boolean,declarations_points,declarations_array,declarations_array_length
3996,10975,0,999,0,39904,0,24947,6287,0,37522,5288,0,1999,23948,2998,0,9993,3996,40504,0,0,999,9976

Running: Quick-Sort
Finished in 1931us
additions,subtractions,multiplications,divisions,modulos,increments,decrements,assignments,ands,ors,comparissons,ternaries,boolean_checks,ifs,loops,calls,returns,passed_words,declarations_integer,array_references,declarations_boolean,declarations_points,declarations_array,declarations_array_length
1000,500,0,0,0,250500,0,4500,0,0,501501,0,0,251001,250500,1501,500,4503,1500,254500,0,1500,0,0

Running: Heap-Sort
Finished in 539us
additions,subtractions,multiplications,divisions,modulos,increments,decrements,assignments,ands,ors,comparissons,ternaries,boolean_checks,ifs,loops,calls,returns,passed_words,declarations_integer,array_references,declarations_boolean,declarations_points,declarations_array,declarations_array_length
20522,1,20522,1,0,0,1500,64482,20522,0,52807,10261,0,20522,1502,10262,0,30785,30785,80084,0,9760,0,0

Running: Bubble-Sort
Finished in 27us
additions,subtractions,multiplications,divisions,modulos,increments,decrements,assignments,ands,ors,comparissons,ternaries,boolean_checks,ifs,loops,calls,returns,passed_words,declarations_integer,array_references,declarations_boolean,declarations_points,declarations_array,declarations_array_length
0,2498,0,0,0,1998,0,2005,0,0,2000,0,3,1998,2003,1,0,2,1,5996,1,500,0,0

Using variation 42
Reading 1000 pairs.......... done!
Run list:
(  2,   0), (  1,   0), (  4,   0), (  3,   0), (  6,   0), (  5,   0), (  8,   0), (  7,   0), ( 10,   0), (  9,   0), 
( 12,   0), ( 11,   0), ( 14,   0), ( 13,   0), ( 16,   0), ( 15,   0), ( 18,   0), ( 17,   0), ( 20,   0), ( 19,   0), 
( 22,   0), ( 21,   0), ( 24,   0), ( 23,   0), ( 26,   0), ( 25,   0), ( 28,   0), ( 27,   0), ( 30,   0), ( 29,   0), 
( 32,   0), ( 31,   0), ( 34,   0), ( 33,   0), ( 36,   0), ( 35,   0), ( 38,   0), ( 37,   0), ( 40,   0), ( 39,   0), 
( 42,   0), ( 41,   0), ( 44,   0), ( 43,   0), ( 46,   0), ( 45,   0), ( 48,   0), ( 47,   0), ( 50,   0), ( 49,   0), 
( 52,   0), ( 51,   0), ( 54,   0), ( 53,   0), ( 56,   0), ( 55,   0), ( 58,   0), ( 57,   0), ( 60,   0), ( 59,   0), 
( 62,   0), ( 61,   0), ( 64,   0), ( 63,   0), ( 66,   0), ( 65,   0), ( 68,   0), ( 67,   0), ( 70,   0), ( 69,   0), 
( 72,   0), ( 71,   0), ( 74,   0), ( 73,   0), ( 76,   0), ( 75,   0), ( 78,   0), ( 77,   0), ( 80,   0), ( 79,   0), 
( 82,   0), ( 81,   0), ( 84,   0), ( 83,   0), ( 86,   0), ( 85,   0), ( 88,   0), ( 87,   0), ( 90,   0), ( 89,   0), 
( 92,   0), ( 91,   0), ( 94,   0), ( 93,   0), ( 96,   0), ( 95,   0), ( 98,   0), ( 97,   0), (100,   0), ( 99,   0), 
(102,   0), (101,   0), (104,   0), (103,   0), (106,   0), (105,   0), (108,   0), (107,   0), (110,   0), (109,   0), 
(112,   0), (111,   0), (114,   0), (113,   0), (116,   0), (115,   0), (118,   0), (117,   0), (120,   0), (119,   0), 
(122,   0), (121,   0), (124,   0), (123,   0), (126,   0), (125,   0), (128,   0), (127,   0), (130,   0), (129,   0), 
(132,   0), (131,   0), (134,   0), (133,   0), (136,   0), (135,   0), (138,   0), (137,   0), (140,   0), (139,   0), 
(142,   0), (141,   0), (144,   0), (143,   0), (146,   0), (145,   0), (148,   0), (147,   0), (150,   0), (149,   0), 
(152,   0), (151,   0), (154,   0), (153,   0), (156,   0), (155,   0), (158,   0), (157,   0), (160,   0), (159,   0), 
(162,   0), (161,   0), (164,   0), (163,   0), (166,   0), (165,   0), (168,   0), (167,   0), (170,   0), (169,   0), 
(172,   0), (171,   0), (174,   0), (173,   0), (176,   0), (175,   0), (178,   0), (177,   0), (180,   0), (179,   0), 
(182,   0), (181,   0), (184,   0), (183,   0), (186,   0), (185,   0), (188,   0), (187,   0), (190,   0), (189,   0), 
(192,   0), (191,   0), (194,   0), (193,   0), (196,   0), (195,   0), (198,   0), (197,   0), (200,   0), (199,   0), 
(202,   0), (201,   0), (204,   0), (203,   0), (206,   0), (205,   0), (208,   0), (207,   0), (210,   0), (209,   0), 
(212,   0), (211,   0), (214,   0), (213,   0), (216,   0), (215,   0), (218,   0), (217,   0), (220,   0), (219,   0), 
(222,   0), (221,   0), (224,   0), (223,   0), (226,   0), (225,   0), (228,   0), (227,   0), (230,   0), (229,   0), 
(232,   0), (231,   0), (234,   0), (233,   0), (236,   0), (235,   0), (238,   0), (237,   0), (240,   0), (239,   0), 
(242,   0), (241,   0), (244,   0), (243,   0), (246,   0), (245,   0), (248,   0), (247,   0), (250,   0), (249,   0), 
(252,   0), (251,   0), (254,   0), (253,   0), (256,   0), (255,   0), (258,   0), (257,   0), (260,   0), (259,   0), 
(262,   0), (261,   0), (264,   0), (263,   0), (266,   0), (265,   0), (268,   0), (267,   0), (270,   0), (269,   0), 
(272,   0), (271,   0), (274,   0), (273,   0), (276,   0), (275,   0), (278,   0), (277,   0), (280,   0), (279,   0), 
(282,   0), (281,   0), (284,   0), (283,   0), (286,   0), (285,   0), (288,   0), (287,   0), (290,   0), (289,   0), 
(292,   0), (291,   0), (294,   0), (293,   0), (296,   0), (295,   0), (298,   0), (297,   0), (300,   0), (299,   0), 
(302,   0), (301,   0), (304,   0), (303,   0), (306,   0), (305,   0), (308,   0), (307,   0), (310,   0), (309,   0), 
(312,   0), (311,   0), (314,   0), (313,   0), (316,   0), (315,   0), (318,   0), (317,   0), (320,   0), (319,   0), 
(322,   0), (321,   0), (324,   0), (323,   0), (326,   0), (325,   0), (328,   0), (327,   0), (330,   0), (329,   0), 
(332,   0), (331,   0), (334,   0), (333,   0), (336,   0), (335,   0), (338,   0), (337,   0), (340,   0), (339,   0), 
(342,   0), (341,   0), (344,   0), (343,   0), (346,   0), (345,   0), (348,   0), (347,   0), (350,   0), (349,   0), 
(352,   0), (351,   0), (354,   0), (353,   0), (356,   0), (355,   0), (358,   0), (357,   0), (360,   0), (359,   0), 
(362,   0), (361,   0), (364,   0), (363,   0), (366,   0), (365,   0), (368,   0), (367,   0), (370,   0), (369,   0), 
(372,   0), (371,   0), (374,   0), (373,   0), (376,   0), (375,   0), (378,   0), (377,   0), (380,   0), (379,   0), 
(382,   0), (381,   0), (384,   0), (383,   0), (386,   0), (385,   0), (388,   0), (387,   0), (390,   0), (389,   0), 
(392,   0), (391,   0), (394,   0), (393,   0), (396,   0), (395,   0), (398,   0), (397,   0), (400,   0), (399,   0), 
(402,   0), (401,   0), (404,   0), (403,   0), (406,   0), (405,   0), (408,   0), (407,   0), (410,   0), (409,   0), 
(412,   0), (411,   0), (414,   0), (413,   0), (416,   0), (415,   0), (418,   0), (417,   0), (420,   0), (419,   0), 
(422,   0), (421,   0), (424,   0), (423,   0), (426,   0), (425,   0), (428,   0), (427,   0), (430,   0), (429,   0), 
(432,   0), (431,   0), (434,   0), (433,   0), (436,   0), (435,   0), (438,   0), (437,   0), (440,   0), (439,   0), 
(442,   0), (441,   0), (444,   0), (443,   0), (446,   0), (445,   0), (448,   0), (447,   0), (450,   0), (449,   0), 
(452,   0), (451,   0), (454,   0), (453,   0), (456,   0), (455,   0), (458,   0), (457,   0), (460,   0), (459,   0), 
(462,   0), (461,   0), (464,   0), (463,   0), (466,   0), (465,   0), (468,   0), (467,   0), (470,   0), (469,   0), 
(472,   0), (471,   0), (474,   0), (473,   0), (476,   0), (475,   0), (478,   0), (477,   0), (480,   0), (479,   0), 
(482,   0), (481,   0), (484,   0), (483,   0), (486,   0), (485,   0), (488,   0), (487,   0), (490,   0), (489,   0), 
(492,   0), (491,   0), (494,   0), (493,   0), (496,   0), (495,   0), (498,   0), (497,   0), (500,   0), (499,   0), 
(502,   0), (501,   0), (504,   0), (503,   0), (506,   0), (505,   0), (508,   0), (507,   0), (510,   0), (509,   0), 
(512,   0), (511,   0), (514,   0), (513,   0), (516,   0), (515,   0), (518,   0), (517,   0), (520,   0), (519,   0), 
(522,   0), (521,   0), (524,   0), (523,   0), (526,   0), (525,   0), (528,   0), (527,   0), (530,   0), (529,   0), 
(532,   0), (531,   0), (534,   0), (533,   0), (536,   0), (535,   0), (538,   0), (537,   0), (540,   0), (539,   0), 
(542,   0), (541,   0), (544,   0), (543,   0), (546,   0), (545,   0), (548,   0), (547,   0), (550,   0), (549,   0), 
(552,   0), (551,   0), (554,   0), (553,   0), (556,   0), (555,   0), (558,   0), (557,   0), (560,   0), (559,   0), 
(562,   0), (561,   0), (564,   0), (563,   0), (566,   0), (565,   0), (568,   0), (567,   0), (570,   0), (569,   0), 
(572,   0), (571,   0), (574,   0), (573,   0), (576,   0), (575,   0), (578,   0), (577,   0), (580,   0), (579,   0), 
(582,   0), (581,   0), (584,   0), (583,   0), (586,   0), (585,   0), (588,   0), (587,   0), (590,   0), (589,   0), 
(592,   0), (591,   0), (594,   0), (593,   0), (596,   0), (595,   0), (598,   0), (597,   0), (600,   0), (599,   0), 
(602,   0), (601,   0), (604,   0), (603,   0), (606,   0), (605,   0), (608,   0), (607,   0), (610,   0), (609,   0), 
(612,   0), (611,   0), (614,   0), (613,   0), (616,   0), (615,   0), (618,   0), (617,   0), (620,   0), (619,   0), 
(622,   0), (621,   0), (624,   0), (623,   0), (626,   0), (625,   0), (628,   0), (627,   0), (630,   0), (629,   0), 
(632,   0), (631,   0), (634,   0), (633,   0), (636,   0), (635,   0), (638,   0), (637,   0), (640,   0), (639,   0), 
(642,   0), (641,   0), (644,   0), (643,   0), (646,   0), (645,   0), (648,   0), (647,   0), (650,   0), (649,   0), 
(652,   0), (651,   0), (654,   0), (653,   0), (656,   0), (655,   0), (658,   0), (657,   0), (660,   0), (659,   0), 
(662,   0), (661,   0), (664,   0), (663,   0), (666,   0), (665,   0), (668,   0), (667,   0), (670,   0), (669,   0), 
(672,   0), (671,   0), (674,   0), (673,   0), (676,   0), (675,   0), (678,   0), (677,   0), (680,   0), (679,   0), 
(682,   0), (681,   0), (684,   0), (683,   0), (686,   0), (685,   0), (688,   0), (687,   0), (690,   0), (689,   0), 
(692,   0), (691,   0), (694,   0), (693,   0), (696,   0), (695,   0), (698,   0), (697,   0), (700,   0), (699,   0), 
(702,   0), (701,   0), (704,   0), (703,   0), (706,   0), (705,   0), (708,   0), (707,   0), (710,   0), (709,   0), 
(712,   0), (711,   0), (714,   0), (713,   0), (716,   0), (715,   0), (718,   0), (717,   0), (720,   0), (719,   0), 
(722,   0), (721,   0), (724,   0), (723,   0), (726,   0), (725,   0), (728,   0), (727,   0), (730,   0), (729,   0), 
(732,   0), (731,   0), (734,   0), (733,   0), (736,   0), (735,   0), (738,   0), (737,   0), (740,   0), (739,   0), 
(742,   0), (741,   0), (744,   0), (743,   0), (746,   0), (745,   0), (748,   0), (747,   0), (750,   0), (749,   0), 
(752,   0), (751,   0), (754,   0), (753,   0), (756,   0), (755,   0), (758,   0), (757,   0), (760,   0), (759,   0), 
(762,   0), (761,   0), (764,   0), (763,   0), (766,   0), (765,   0), (768,   0), (767,   0), (770,   0), (769,   0), 
(772,   0), (771,   0), (774,   0), (773,   0), (776,   0), (775,   0), (778,   0), (777,   0), (780,   0), (779,   0), 
(782,   0), (781,   0), (784,   0), (783,   0), (786,   0), (785,   0), (788,   0), (787,   0), (790,   0), (789,   0), 
(792,   0), (791,   0), (794,   0), (793,   0), (796,   0), (795,   0), (798,   0), (797,   0), (800,   0), (799,   0), 
(802,   0), (801,   0), (804,   0), (803,   0), (806,   0), (805,   0), (808,   0), (807,   0), (810,   0), (809,   0), 
(812,   0), (811,   0), (814,   0), (813,   0), (816,   0), (815,   0), (818,   0), (817,   0), (820,   0), (819,   0), 
(822,   0), (821,   0), (824,   0), (823,   0), (826,   0), (825,   0), (828,   0), (827,   0), (830,   0), (829,   0), 
(832,   0), (831,   0), (834,   0), (833,   0), (836,   0), (835,   0), (838,   0), (837,   0), (840,   0), (839,   0), 
(842,   0), (841,   0), (844,   0), (843,   0), (846,   0), (845,   0), (848,   0), (847,   0), (850,   0), (849,   0), 
(852,   0), (851,   0), (854,   0), (853,   0), (856,   0), (855,   0), (858,   0), (857,   0), (860,   0), (859,   0), 
(862,   0), (861,   0), (864,   0), (863,   0), (866,   0), (865,   0), (868,   0), (867,   0), (870,   0), (869,   0), 
(872,   0), (871,   0), (874,   0), (873,   0), (876,   0), (875,   0), (878,   0), (877,   0), (880,   0), (879,   0), 
(882,   0), (881,   0), (884,   0), (883,   0), (886,   0), (885,   0), (888,   0), (887,   0), (890,   0), (889,   0), 
(892,   0), (891,   0), (894,   0), (893,   0), (896,   0), (895,   0), (898,   0), (897,   0), (900,   0), (899,   0), 
(902,   0), (901,   0), (904,   0), (903,   0), (906,   0), (905,   0), (908,   0), (907,   0), (910,   0), (909,   0), 
(912,   0), (911,   0), (914,   0), (913,   0), (916,   0), (915,   0), (918,   0), (917,   0), (920,   0), (919,   0), 
(922,   0), (921,   0), (924,   0), (923,   0), (926,   0), (925,   0), (928,   0), (927,   0), (930,   0), (929,   0), 
(932,   0), (931,   0), (934,   0), (933,   0), (936,   0), (935,   0), (938,   0), (937,   0), (940,   0), (939,   0), 
(942,   0), (941,   0), (944,   0), (943,   0), (946,   0), (945,   0), (948,   0), (947,   0), (950,   0), (949,   0), 
(952,   0), (951,   0), (954,   0), (953,   0), (956,   0), (955,   0), (958,   0), (957,   0), (960,   0), (959,   0), 
(962,   0), (961,   0), (964,   0), (963,   0), (966,   0), (965,   0), (968,   0), (967,   0), (970,   0), (969,   0), 
(972,   0), (971,   0), (974,   0), (973,   0), (976,   0), (975,   0), (978,   0), (977,   0), (980,   0), (979,   0), 
(982,   0), (981,   0), (984,   0), (983,   0), (986,   0), (985,   0), (988,   0), (987,   0), (990,   0), (989,   0), 
(992,   0), (991,   0), (994,   0), (993,   0), (996,   0), (995,   0), (998,   0), (997,   0), (1000,   0), (999,   0)

Running: High Quick-Sort
Finished in 104us

Running: Median Quick-Sort
Finished in 99us

Running: Better Bubble-Sort
Finished in 15us

Median time for: High Quick-Sort is 0us
Median time for: Median Quick-Sort is 0us
Median time for: Better Bubble-Sort is 0us
Running: High Quick-Sort
Finished in 99us

Running: Median Quick-Sort
Finished in 99us

Running: Better Bubble-Sort
Finished in 15us

Median time for: High Quick-Sort is 0us
Median time for: Median Quick-Sort is 0us
Median time for: Better Bubble-Sort is 0us
Running: High Quick-Sort
Finished in 125us

Running: Median Quick-Sort
Finished in 99us

Running: Better Bubble-Sort
Finished in 15us

Median time for: High Quick-Sort is 99us
Median time for: Median Quick-Sort is 99us
Median time for: Better Bubble-Sort is 15us
Running: High Quick-Sort
Finished in 98us

Running: Median Quick-Sort
Finished in 98us

Running: Better Bubble-Sort
Finished in 23us

Median time for: High Quick-Sort is 99us
Median time for: Median Quick-Sort is 99us
Median time for: Better Bubble-Sort is 15us
Running: High Quick-Sort
Finished in 126us

Running: Median Quick-Sort
Finished in 98us

Running: Better Bubble-Sort
Finished in 15us

Median time for: High Quick-Sort is 104us
Median time for: Median Quick-Sort is 99us
Median time for: Better Bubble-Sort is 15us
